x,y,z,abs_datetime,milliseconds,time_diff,x_deg,y_deg,x_deg_diff,y_deg_diff,dist_deg,velocity_deg_s,avg_velocity_deg_s
0.223806,0.918968,0.0,2025-01-30 14:55:00.695,244.0,122.0,-19.33358,29.32776,-0.1111600000000017,-0.0620199999999933,0.1272911073091893,1.0433697320425352,43.446405209790555
0.103575,0.928052,0.0,2025-01-30 14:55:00.817,366.0,122.0,-27.749750000000002,29.963639999999998,-8.416170000000001,0.6358799999999967,8.440157631424903,69.18161992971233,43.446405209790555
0.097589,0.926282,0.0,2025-01-30 14:55:00.940,489.0,123.0,-28.168770000000002,29.839740000000003,-0.4190199999999997,-0.12389999999999546,0.43695419714198724,3.552473147495831,43.446405209790555
0.094968,0.927237,0.0,2025-01-30 14:55:01.063,612.0,123.0,-28.352240000000002,29.906589999999998,-0.1834699999999998,0.06684999999999519,0.1952694635625327,1.587556614329534,43.446405209790555
0.300347,0.929882,0.0,2025-01-30 14:55:01.185,734.0,122.0,-13.975710000000001,30.091739999999998,14.37653,0.18515000000000015,14.377722189672467,117.8501818825612,43.446405209790555
0.305206,0.934352,0.0,2025-01-30 14:55:01.306,855.0,121.0,-13.635580000000001,30.404639999999997,0.34013000000000027,0.31289999999999907,0.46216320374949754,3.8195306094999797,43.446405209790555
0.301074,0.922333,0.0,2025-01-30 14:55:01.429,978.0,123.0,-13.924819999999999,29.563309999999998,-0.2892399999999977,-0.8413299999999992,0.8896605793784489,7.233012840475194,43.446405209790555
0.131157,0.775894,0.0,2025-01-30 14:55:01.551,1100.0,122.0,-25.819010000000002,19.312579999999997,-11.894190000000004,-10.25073,15.701885915042183,128.70398291018185,43.446405209790555
0.122049,0.773425,0.0,2025-01-30 14:55:01.673,1222.0,122.0,-26.45657,19.139750000000003,-0.637559999999997,-0.17282999999999404,0.6605701798446506,5.414509670857791,43.446405209790555
0.082348,0.71753,0.0,2025-01-30 14:55:01.795,1344.0,122.0,-29.23564,15.2271,-2.779070000000001,-3.912650000000003,4.799172854503162,39.337482413960345,43.446405209790555
0.076735,0.703879,0.0,2025-01-30 14:55:01.918,1467.0,123.0,-29.62855,14.271530000000002,-0.39291000000000054,-0.955569999999998,1.0331951863031479,8.399960864253234,43.446405209790555
0.315819,0.661435,0.0,2025-01-30 14:55:02.040,1589.0,122.0,-12.892669999999999,11.30045,16.73588,-2.9710800000000024,16.997558522940878,139.32425018804,43.446405209790555
0.366748,0.618479,0.0,2025-01-30 14:55:02.162,1711.0,122.0,-9.327639999999999,8.29353,3.56503,-3.006919999999999,4.663797464223762,38.22784806740788,43.446405209790555
0.385526,0.612219,0.0,2025-01-30 14:55:02.284,1833.0,122.0,-8.013180000000002,7.855329999999997,1.3144599999999969,-0.4382000000000037,1.3855772557313413,11.357190620748698,43.446405209790555
0.215456,0.480647,0.0,2025-01-30 14:55:02.406,1955.0,122.0,-19.91808,-1.3547100000000007,-11.904899999999998,-9.210039999999998,15.051627181524259,123.37399329118246,43.446405209790555
0.209632,0.469504,0.0,2025-01-30 14:55:02.528,2077.0,122.0,-20.325759999999995,-2.1347200000000015,-0.4076799999999956,-0.7800100000000008,0.8801241858397016,7.214132670817226,43.446405209790555
0.202572,0.467628,0.0,2025-01-30 14:55:02.651,2200.0,123.0,-20.819960000000002,-2.2660400000000007,-0.4942000000000064,-0.13131999999999922,0.511349765229247,4.157315164465423,43.446405209790555
0.610021,0.441039,0.0,2025-01-30 14:55:02.895,2444.0,244.0,7.701470000000002,-4.127269999999999,28.521430000000002,-1.8612299999999986,28.58209485600732,117.13973301642343,43.446405209790555
0.618307,0.50848,0.0,2025-01-30 14:55:03.018,2567.0,123.0,8.281490000000003,0.593600000000003,0.5800200000000011,4.720870000000002,4.756368021642146,38.669658712537775,43.446405209790555
0.629495,0.513469,0.0,2025-01-30 14:55:03.140,2689.0,122.0,9.064650000000002,0.9428299999999967,0.7831599999999987,0.3492299999999937,0.8574970428520402,7.028664285672461,43.446405209790555
0.63221,0.515965,0.0,2025-01-30 14:55:03.263,2812.0,123.0,9.254700000000003,1.1175500000000005,0.19005000000000116,0.17472000000000376,0.2581590225035758,2.0988538414924864,43.446405209790555
0.554945,0.647458,0.0,2025-01-30 14:55:03.385,2934.0,122.0,3.8461500000000015,10.322059999999999,-5.408550000000002,9.204509999999999,10.67592700624166,87.50759841181687,43.446405209790555
0.474705,0.804172,0.0,2025-01-30 14:55:03.507,3056.0,122.0,-1.7706500000000007,21.29204,-5.616800000000002,10.969980000000001,12.324321621914939,101.01902968782736,43.446405209790555
0.468229,0.845775,0.0,2025-01-30 14:55:03.629,3178.0,122.0,-2.2239699999999996,24.204250000000005,-0.45331999999999883,2.9122100000000053,2.947281138015176,24.158042114878494,43.446405209790555
0.324252,0.683388,0.0,2025-01-30 14:55:03.751,3300.0,122.0,-12.30236,12.837159999999999,-10.07839,-11.367090000000006,15.191598996162325,124.52130324723218,43.446405209790555
0.487158,0.952001,0.0,2025-01-30 14:55:03.873,3422.0,122.0,-0.8989400000000014,31.640069999999998,11.403419999999999,18.802909999999997,21.990621004521447,180.25099184033974,43.446405209790555
0.500824,0.969677,0.0,2025-01-30 14:55:03.996,3545.0,123.0,0.057680000000003284,32.87739,0.9566200000000047,1.2373200000000004,1.5639957182805873,12.715412343744612,43.446405209790555
0.485103,0.97327,0.0,2025-01-30 14:55:04.118,3667.0,122.0,-1.0427899999999997,33.128899999999994,-1.100470000000003,0.2515099999999961,1.1288452068375028,9.252829564241825,43.446405209790555
0.493842,0.971475,0.0,2025-01-30 14:55:04.240,3789.0,122.0,-0.4310599999999998,33.00325,0.6117299999999999,-0.12564999999999316,0.6245010131296811,5.118860763358042,43.446405209790555
0.494924,0.968053,0.0,2025-01-30 14:55:04.362,3911.0,122.0,-0.35532000000000175,32.76371,0.07573999999999803,-0.2395399999999981,0.2512288980193138,2.059253262453392,43.446405209790555
0.504608,0.96009,0.0,2025-01-30 14:55:04.485,4034.0,123.0,0.3225599999999962,32.2063,0.6778799999999979,-0.5574100000000044,0.8776258898300585,7.135169836016736,43.446405209790555
0.50828,0.944324,0.0,2025-01-30 14:55:04.607,4156.0,122.0,0.5795999999999968,31.102680000000003,0.2570400000000006,-1.1036199999999958,1.133157829254156,9.288178928312755,43.446405209790555
0.520716,0.946307,0.0,2025-01-30 14:55:04.729,4278.0,122.0,1.450119999999997,31.24149,0.8705200000000002,0.13880999999999588,0.8815176041917706,7.225554132719432,43.446405209790555
0.413175,0.889904,0.0,2025-01-30 14:55:04.851,4400.0,122.0,-6.077749999999999,27.293280000000003,-7.5278699999999965,-3.948209999999996,8.500422868363662,69.67559728166935,43.446405209790555
0.409008,0.914122,0.0,2025-01-30 14:55:04.973,4522.0,122.0,-6.369440000000001,28.98854,-0.2916900000000018,1.6952599999999975,1.720171364632022,14.099765283869033,43.446405209790555
0.417233,0.898769,0.0,2025-01-30 14:55:05.095,4644.0,122.0,-5.793689999999999,27.913830000000004,0.575750000000002,-1.074709999999996,1.2192168168951714,9.993580466353864,43.446405209790555
0.421706,0.891246,0.0,2025-01-30 14:55:05.218,4767.0,123.0,-5.480579999999998,27.38722,0.3131100000000009,-0.5266100000000051,0.6126630103082819,4.98100008380717,43.446405209790555
0.357004,0.85161,0.0,2025-01-30 14:55:05.340,4889.0,122.0,-10.009720000000002,24.612699999999997,-4.5291400000000035,-2.7745200000000025,5.311409452301719,43.53614305165344,43.446405209790555
0.337217,0.841158,0.0,2025-01-30 14:55:05.463,5012.0,123.0,-11.394810000000001,23.881059999999998,-1.38509,-0.7316399999999987,1.5664518497866438,12.73538089257434,43.446405209790555
0.248749,0.802871,0.0,2025-01-30 14:55:05.585,5134.0,122.0,-17.58757,21.20097,-6.192759999999998,-2.6800899999999963,6.747826229660924,55.31005106279446,43.446405209790555
0.228964,0.762768,0.0,2025-01-30 14:55:05.707,5256.0,122.0,-18.97252,18.39376,-1.38495,-2.8072100000000013,3.1302578945831296,25.657851594943686,43.446405209790555
0.20482,0.735182,0.0,2025-01-30 14:55:05.829,5378.0,122.0,-20.6626,16.46274,-1.6900800000000018,-1.9310200000000002,2.5661661378016833,21.0341486705056,43.446405209790555
0.473982,0.686662,0.0,2025-01-30 14:55:05.952,5501.0,123.0,-1.821259999999999,13.06634,18.841340000000002,-3.3964,19.145015694838175,155.6505341043754,43.446405209790555
0.615633,0.736057,0.0,2025-01-30 14:55:06.074,5623.0,122.0,8.094309999999998,16.523989999999998,9.915569999999997,3.4576499999999974,10.50113669787228,86.07489096616624,43.446405209790555
0.50599,0.689931,0.0,2025-01-30 14:55:06.196,5745.0,122.0,0.41930000000000356,13.295169999999997,-7.675009999999995,-3.2288200000000007,8.326527312901815,68.25022387624438,43.446405209790555
0.352156,0.738212,0.0,2025-01-30 14:55:06.318,5867.0,122.0,-10.349079999999999,16.67484,-10.768380000000002,3.3796700000000026,11.286282697739768,92.51051391589974,43.446405209790555
0.35115,0.726694,0.0,2025-01-30 14:55:06.440,5989.0,122.0,-10.4195,15.868579999999996,-0.07042000000000037,-0.8062600000000035,0.8093294533130534,6.633847977975848,43.446405209790555
0.215927,0.716316,0.0,2025-01-30 14:55:06.563,6112.0,123.0,-19.88511,15.142119999999997,-9.465610000000002,-0.7264599999999994,9.49344599203577,77.18248774012822,43.446405209790555
0.206339,0.709395,0.0,2025-01-30 14:55:06.685,6234.0,122.0,-20.55627,14.65765,-0.6711600000000004,-0.4844699999999964,0.8277481057060759,6.784820538574393,43.446405209790555
0.206768,0.725118,0.0,2025-01-30 14:55:06.807,6356.0,122.0,-20.526239999999998,15.758260000000003,0.030030000000003554,1.1006100000000032,1.101019606092465,9.02475086961037,43.446405209790555
0.207927,0.715077,0.0,2025-01-30 14:55:06.929,6478.0,122.0,-20.445110000000003,15.055389999999997,0.0811299999999946,-0.7028700000000061,0.7075367932482435,5.799481911870848,43.446405209790555
0.245803,0.716308,0.0,2025-01-30 14:55:07.051,6600.0,122.0,-17.79379,15.141559999999997,2.651320000000002,0.08616999999999919,2.6527199270371553,21.743605959320945,43.446405209790555
0.375126,0.717595,0.0,2025-01-30 14:55:07.174,6723.0,123.0,-8.741179999999998,15.231649999999998,9.052610000000003,0.09009000000000178,9.0530582689056,73.6020997472,43.446405209790555
0.402867,0.710276,0.0,2025-01-30 14:55:07.296,6845.0,122.0,-6.799310000000002,14.719320000000002,1.9418699999999962,-0.5123299999999968,2.008317984234564,16.461622821594787,43.446405209790555
0.374424,0.732209,0.0,2025-01-30 14:55:07.418,6967.0,122.0,-8.790320000000001,16.25463,-1.9910099999999993,1.5353099999999973,2.514219086754372,20.6083531701178,43.446405209790555
0.372244,0.723918,0.0,2025-01-30 14:55:07.540,7089.0,122.0,-8.942919999999999,15.674259999999997,-0.15259999999999785,-0.580370000000002,0.6000967396178734,4.918825734572732,43.446405209790555
0.382457,0.704316,0.0,2025-01-30 14:55:07.663,7212.0,123.0,-8.228010000000001,14.302120000000004,0.7149099999999979,-1.3721399999999928,1.547211843187602,12.578958074695953,43.446405209790555
0.359618,0.958893,0.0,2025-01-30 14:55:07.907,7456.0,244.0,-9.826740000000001,32.12251,-1.5987299999999998,17.820389999999996,17.89196013199783,73.3277054590075,43.446405209790555
0.374153,0.971164,0.0,2025-01-30 14:55:08.029,7578.0,122.0,-8.809289999999999,32.981480000000005,1.017450000000002,0.8589700000000065,1.3315532146332023,10.914370611747561,43.446405209790555
0.31855,0.977355,0.0,2025-01-30 14:55:08.152,7701.0,123.0,-12.7015,33.41485,-3.8922100000000004,0.4333699999999965,3.9162620240479313,31.839528650796186,43.446405209790555
0.293472,0.975347,0.0,2025-01-30 14:55:08.274,7823.0,122.0,-14.456959999999999,33.27429,-1.7554599999999994,-0.14056000000000068,1.7610783415850637,14.435068373648063,43.446405209790555
0.777772,0.970166,0.0,2025-01-30 14:55:08.641,8189.999999999999,366.9999999999991,19.44404,32.91162,33.900999999999996,-0.3626700000000014,33.90293985082857,92.37858269980559,43.446405209790555
0.780148,0.969902,0.0,2025-01-30 14:55:08.763,8312.0,122.00000000000091,19.610359999999996,32.89314,0.16631999999999536,-0.01847999999999672,0.1673435173527745,1.3716681750227315,43.446405209790555
0.856762,0.922805,0.0,2025-01-30 14:55:08.885,8434.0,122.0,24.97334,29.596349999999997,5.362980000000004,-3.296790000000005,6.295266379153473,51.60054409142191,43.446405209790555
0.965137,0.740883,0.0,2025-01-30 14:55:09.007,8556.0,122.0,32.55959,16.86181,7.58625,-12.734539999999999,14.822944986543664,121.49954907003004,43.446405209790555
0.873965,0.632907,0.0,2025-01-30 14:55:09.129,8678.0,122.0,26.17755,9.30349,-6.38204,-7.558319999999998,9.892352388790037,81.08485564581999,43.446405209790555
0.847826,0.61975,0.0,2025-01-30 14:55:09.252,8801.0,123.0,24.34782,8.382500000000002,-1.8297300000000014,-0.920989999999998,2.048446839193051,16.654039343032935,43.446405209790555
0.714864,0.601579,0.0,2025-01-30 14:55:09.374,8923.0,122.0,15.040480000000004,7.110529999999998,-9.307339999999995,-1.271970000000004,9.393853605230385,76.998800042872,43.446405209790555
0.699439,0.598469,0.0,2025-01-30 14:55:09.496,9045.0,122.0,13.960730000000002,6.892830000000002,-1.0797500000000024,-0.21769999999999623,1.101477803907098,9.028506589402442,43.446405209790555
0.456712,0.612997,0.0,2025-01-30 14:55:09.618,9167.0,122.0,-3.0301599999999995,7.909790000000001,-16.99089,1.0169599999999992,17.021296972725082,139.51882764528756,43.446405209790555
0.353696,0.585123,0.0,2025-01-30 14:55:09.864,9413.0,246.0,-10.24128,5.958609999999997,-7.21112,-1.9511800000000044,7.470432052217597,30.367609968364217,43.446405209790555
0.306865,0.717698,0.0,2025-01-30 14:55:09.985,9534.0,121.0,-13.51945,15.238859999999995,-3.278170000000001,9.280249999999999,9.842227319636546,81.34072164988882,43.446405209790555
0.248478,0.747074,0.0,2025-01-30 14:55:10.107,9656.0,122.0,-17.606540000000003,17.295180000000002,-4.087090000000002,2.0563200000000066,4.575232956965147,37.50190948332088,43.446405209790555
0.236421,0.752268,0.0,2025-01-30 14:55:10.230,9779.0,123.0,-18.45053,17.658760000000004,-0.843989999999998,0.36358000000000246,0.9189719998454786,7.47131707191446,43.446405209790555
0.229349,0.751314,0.0,2025-01-30 14:55:10.352,9901.0,122.0,-18.945569999999996,17.591980000000003,-0.4950399999999959,-0.0667800000000014,0.49952394337008127,4.094458552213781,43.446405209790555
0.191434,0.731152,0.0,2025-01-30 14:55:10.474,10023.0,122.0,-21.59962,16.18064,-2.654050000000005,-1.4113400000000027,3.0059710574288694,24.63910702810549,43.446405209790555
0.176494,0.737419,0.0,2025-01-30 14:55:10.596,10145.0,122.0,-22.645419999999998,16.619330000000005,-1.0457999999999963,0.4386900000000047,1.1340840163321217,9.29577062567313,43.446405209790555
0.141648,0.747461,0.0,2025-01-30 14:55:10.718,10267.0,122.0,-25.08464,17.322270000000003,-2.4392200000000024,0.7029399999999981,2.5384875126736413,20.807274694046242,43.446405209790555
0.153433,0.710146,0.0,2025-01-30 14:55:10.841,10390.0,123.0,-24.259689999999996,14.710220000000003,0.8249500000000047,-2.61205,2.739223923851427,22.270113202044122,43.446405209790555
0.147799,0.724217,0.0,2025-01-30 14:55:10.963,10512.0,122.0,-24.654069999999997,15.69519,-0.39438000000000173,0.984969999999997,1.0609908035887943,8.69664593105569,43.446405209790555
0.426501,0.71503,0.0,2025-01-30 14:55:11.207,10756.0,244.0,-5.144929999999999,15.052100000000003,19.50914,-0.6430899999999973,19.519736378540053,79.99891958418054,43.446405209790555
0.476576,0.761723,0.0,2025-01-30 14:55:11.330,10879.0,123.0,-1.63968,18.320610000000002,3.5052499999999984,3.268509999999999,4.792696024431341,38.96500832871009,43.446405209790555
0.53307,0.798874,0.0,2025-01-30 14:55:11.452,11001.0,122.0,2.3149000000000033,20.92118,3.9545800000000035,2.6005699999999976,4.73303996405059,38.795409541398286,43.446405209790555
0.596713,0.520226,0.0,2025-01-30 14:55:11.696,11245.0,244.0,6.769910000000003,1.4158199999999976,4.45501,-19.505360000000003,20.007653106491528,81.99857830529314,43.446405209790555
0.578537,0.762816,0.0,2025-01-30 14:55:11.818,11367.0,122.0,5.497589999999998,18.397120000000005,-1.272320000000005,16.981300000000008,17.028897435606343,139.58112652136344,43.446405209790555
0.471282,0.79564,0.0,2025-01-30 14:55:11.941,11490.0,123.0,-2.0102600000000015,20.6948,-7.5078499999999995,2.297679999999996,7.851569588617296,63.833899094449556,43.446405209790555
0.467228,0.796862,0.0,2025-01-30 14:55:12.064,11613.0,123.0,-2.2940400000000016,20.780339999999995,-0.28378000000000014,0.08553999999999462,0.2963919364625144,2.4096905403456454,43.446405209790555
0.71982,0.830962,0.0,2025-01-30 14:55:12.185,11734.0,121.0,15.387400000000001,23.16734,17.681440000000002,2.387000000000004,17.84183537289816,147.4531848999848,43.446405209790555
0.781548,0.792421,0.0,2025-01-30 14:55:12.308,11857.0,123.0,19.708360000000003,20.46947,4.320960000000001,-2.697869999999998,5.0940355179857155,41.41492291045297,43.446405209790555
0.678039,0.815925,0.0,2025-01-30 14:55:12.430,11979.0,122.0,12.462729999999997,22.11475,-7.245630000000006,1.6452799999999996,7.4300807785178264,60.902301463260876,43.446405209790555
0.091771,0.633692,0.0,2025-01-30 14:55:12.674,12223.0,122.0,-28.57603,9.358440000000002,-6.34263,4.374090000000004,7.704649157813744,63.15286194929298,43.446405209790555
0.170832,0.58422,0.0,2025-01-30 14:55:12.796,12345.0,122.0,-23.04176,5.895399999999997,5.534269999999999,-3.463040000000005,6.528460038515977,53.51196752881948,43.446405209790555
0.465282,0.54621,0.0,2025-01-30 14:55:12.919,12468.0,123.0,-2.430260000000002,3.2346999999999984,20.6115,-2.6606999999999985,20.782522867544255,168.96360054914027,43.446405209790555
0.60819,0.504389,0.0,2025-01-30 14:55:13.040,12589.0,121.0,7.573300000000001,0.30722999999999834,10.003560000000002,-2.92747,10.423113415601888,86.14143318679245,43.446405209790555
0.61533,0.501269,0.0,2025-01-30 14:55:13.163,12712.0,123.0,8.073100000000004,0.08882999999999752,0.49980000000000313,-0.21840000000000082,0.5454343223523832,4.434425384978725,43.446405209790555
0.62131,0.500215,0.0,2025-01-30 14:55:13.285,12834.0,122.0,8.491700000000002,0.015049999999997565,0.41859999999999786,-0.07377999999999996,0.425052289018655,3.4840351558906146,43.446405209790555
0.624227,0.49802,0.0,2025-01-30 14:55:13.407,12956.0,122.0,8.695889999999999,-0.13859999999999872,0.20418999999999699,-0.1536499999999963,0.25554232252211695,2.0946092010009587,43.446405209790555
0.616859,0.499772,0.0,2025-01-30 14:55:13.529,13078.0,122.0,8.180130000000004,-0.01596000000000042,-0.5157599999999949,0.1226399999999983,0.5301404976041675,4.345413914788258,43.446405209790555
0.594369,0.507699,0.0,2025-01-30 14:55:13.651,13200.0,122.0,6.605830000000003,0.5389300000000008,-1.574300000000001,0.5548900000000012,1.6692283852427157,13.682199879038654,43.446405209790555
0.194864,0.800423,0.0,2025-01-30 14:55:13.896,13445.0,122.0,-21.359519999999996,21.029609999999998,-0.7125999999999948,1.700020000000002,1.8433303448920921,15.10926512206633,43.446405209790555
0.134599,0.8587,0.0,2025-01-30 14:55:14.018,13567.0,122.0,-25.578069999999997,25.109,-4.2185500000000005,4.079390000000004,5.868354699112864,48.101268025515274,43.446405209790555
0.131526,0.895376,0.0,2025-01-30 14:55:14.141,13690.0,123.0,-25.79318,27.676319999999997,-0.2151100000000028,2.567319999999995,2.5763160315652227,20.94565879321319,43.446405209790555
0.136084,0.914323,0.0,2025-01-30 14:55:14.264,13813.0,123.0,-25.474120000000003,29.00261,0.3190599999999968,1.3262900000000037,1.3641277241153074,11.090469301750467,43.446405209790555
0.137581,0.913232,0.0,2025-01-30 14:55:14.386,13935.0,122.0,-25.369329999999998,28.926240000000004,0.10479000000000482,-0.07636999999999716,0.12966619065893997,1.062837628351967,43.446405209790555
