x,y,z,abs_datetime,milliseconds,time_diff,x_deg,y_deg,x_deg_diff,y_deg_diff,dist_deg,velocity_deg_s,avg_velocity_deg_s
0.22908900000000001,0.838872,0.0,2025-01-20 16:29:44.975,244.0,126.0,-17.563769999999998,32.121039999999994,0.4177600000000012,-0.2920400000000072,0.5097163713282175,4.045368026414424,43.804588534845536
0.485637,0.826639,0.0,2025-01-20 16:29:45.095,364.0,120.0,0.3945900000000002,31.26473,17.95836,-0.8563099999999935,17.978764159577263,149.82303466314386,43.804588534845536
0.491904,0.848494,0.0,2025-01-20 16:29:45.217,486.0,122.0,0.8332800000000018,32.79458,0.4386900000000016,1.5298499999999962,1.5915055572004737,13.045127518036669,43.804588534845536
0.643658,0.823552,0.0,2025-01-20 16:29:45.340,609.0,123.0,11.456059999999995,31.048639999999995,10.622779999999995,-1.745940000000001,10.765303591260206,87.52279342487974,43.804588534845536
0.647316,0.823525,0.0,2025-01-20 16:29:45.462,731.0,122.0,11.712120000000002,31.04675,0.256060000000005,-0.0018899999999995,0.2560669750280239,2.098909631377245,43.804588534845536
0.7339709999999999,0.7771,0.0,2025-01-20 16:29:45.584,853.0,122.0,17.777969999999996,27.797,6.065849999999994,-3.2497499999999957,6.881526813505844,56.405957487752815,43.804588534845536
0.731236,0.7896070000000001,0.0,2025-01-20 16:29:45.706,975.0,122.0,17.58652,28.672490000000003,-0.1914499999999961,0.8754900000000028,0.896178465820287,7.345725129674483,43.804588534845536
0.734873,0.816662,0.0,2025-01-20 16:29:45.829,1098.0,123.0,17.84111,30.56634,0.2545900000000003,1.893849999999997,1.910885629910903,15.53565552773092,43.804588534845536
0.73248,0.813645,0.0,2025-01-20 16:29:45.951,1220.0,122.0,17.673600000000004,30.355149999999995,-0.1675099999999965,-0.2111900000000055,0.2695567031257082,2.2094811731615427,43.804588534845536
0.714554,0.740599,0.0,2025-01-20 16:29:46.073,1342.0,122.0,16.41878,25.24193,-1.2548200000000025,-5.113219999999995,5.264939885772671,43.155244965349766,43.804588534845536
0.725254,0.733693,0.0,2025-01-20 16:29:46.196,1465.0,123.0,17.167779999999997,24.75851,0.7489999999999952,-0.4834199999999988,0.8914571758643214,7.247619315970092,43.804588534845536
0.727262,0.730871,0.0,2025-01-20 16:29:46.317,1586.0,121.0,17.308339999999998,24.560970000000005,0.1405600000000006,-0.1975399999999965,0.2424441486198394,2.003670649750739,43.804588534845536
0.601743,0.717808,0.0,2025-01-20 16:29:46.562,1831.0,245.0,8.522010000000003,23.64656,-8.786329999999994,-0.9144100000000036,8.833784042922936,36.056261399685454,43.804588534845536
0.5755899999999999,0.757322,0.0,2025-01-20 16:29:46.685,1954.0,123.0,6.6912999999999965,26.412540000000003,-1.830710000000007,2.7659800000000025,3.3169480647878764,26.967057437299808,43.804588534845536
0.307895,0.729726,0.0,2025-01-20 16:29:46.806,2075.0,121.0,-12.04735,24.48082,-18.73865,-1.9317200000000057,18.837954930960525,155.68557794182252,43.804588534845536
0.18996100000000002,0.68435,0.0,2025-01-20 16:29:46.929,2198.0,123.0,-20.30273,21.3045,-8.25538,-3.176319999999997,8.84535514757887,71.91345648438104,43.804588534845536
0.06421299999999999,0.56751,0.0,2025-01-20 16:29:47.051,2320.0,122.0,-29.10509,13.125699999999997,-8.80236,-8.178800000000004,12.01558617003765,98.4884112298168,43.804588534845536
0.038245,0.500569,0.0,2025-01-20 16:29:47.173,2442.0,122.0,-30.92285,8.439830000000002,-1.81776,-4.685869999999994,5.026094813520727,41.19749847148137,43.804588534845536
0.040651999999999994,0.48349600000000004,0.0,2025-01-20 16:29:47.297,2566.0,124.0,-30.75436,7.244720000000003,0.1684899999999984,-1.1951099999999997,1.2069286607749434,9.733295651410836,43.804588534845536
0.038668999999999995,0.499541,0.0,2025-01-20 16:29:47.418,2687.0,121.0,-30.89317,8.36787,-0.1388099999999994,1.1231499999999972,1.131695249879575,9.352853304789877,43.804588534845536
0.03969,0.501573,0.0,2025-01-20 16:29:47.540,2809.0,122.0,-30.8217,8.510110000000003,0.0714700000000014,0.1422400000000028,0.1591859871345496,1.3048031732340135,43.804588534845536
0.041314000000000003,0.508041,0.0,2025-01-20 16:29:47.662,2931.0,122.0,-30.70802,8.962869999999997,0.1136799999999986,0.4527599999999943,0.4668134102615246,3.826339428373153,43.804588534845536
0.27036899999999997,0.557328,0.0,2025-01-20 16:29:47.785,3054.0,123.0,-14.67417,12.412960000000004,16.03385,3.4500900000000065,16.400837381993643,133.34014131702148,43.804588534845536
0.277063,0.567119,0.0,2025-01-20 16:29:47.907,3176.0,122.0,-14.20559,13.098330000000002,0.4685800000000011,0.6853699999999989,0.8302404791986473,6.805249829497109,43.804588534845536
0.27827199999999996,0.568307,0.0,2025-01-20 16:29:48.029,3298.0,122.0,-14.120960000000002,13.18149,0.0846299999999971,0.0831599999999976,0.1186499999999963,0.9725409836065272,43.804588534845536
0.280325,0.567921,0.0,2025-01-20 16:29:48.152,3421.0,123.0,-13.97725,13.15447,0.1437100000000022,-0.0270200000000002,0.1462280564734437,1.1888459875889734,43.804588534845536
0.326379,0.571768,0.0,2025-01-20 16:29:48.274,3543.0,122.0,-10.75347,13.423760000000003,3.22378,0.2692900000000033,3.235007664983191,26.516456270354023,43.804588534845536
0.380194,0.438937,0.0,2025-01-20 16:29:48.396,3665.0,122.0,-6.986420000000001,4.125590000000001,3.7670499999999993,-9.298170000000002,10.032279454411148,82.23179880664875,43.804588534845536
0.478975,0.45720800000000006,0.0,2025-01-20 16:29:48.519,3788.0,123.0,-0.0717499999999998,5.404560000000004,6.914670000000001,1.2789700000000028,7.031957442263144,57.17038570945645,43.804588534845536
0.428025,0.564977,0.0,2025-01-20 16:29:48.641,3910.0,122.0,-3.6382499999999993,12.948389999999996,-3.5665,7.543829999999993,8.3444168950802,68.39685979573935,43.804588534845536
0.41475,0.578702,0.0,2025-01-20 16:29:48.763,4032.0,122.0,-4.567499999999998,13.909140000000004,-0.9292499999999988,0.9607500000000062,1.3366174190844626,10.955880484298875,43.804588534845536
0.399553,0.5799570000000001,0.0,2025-01-20 16:29:48.885,4154.0,122.0,-5.631289999999999,13.996990000000004,-1.063790000000001,0.0878500000000013,1.0674112546717889,8.749272579276957,43.804588534845536
0.39486499999999997,0.585437,0.0,2025-01-20 16:29:49.008,4277.0,123.0,-5.959450000000001,14.380589999999998,-0.3281600000000022,0.3835999999999941,0.5048147636509822,4.104185070333188,43.804588534845536
0.501409,0.547096,0.0,2025-01-20 16:29:49.130,4399.0,122.0,1.4986300000000008,11.69672,7.458080000000002,-2.683869999999997,7.9262926682844626,64.96961203511854,43.804588534845536
0.509737,0.527325,0.0,2025-01-20 16:29:49.252,4521.0,122.0,2.081590000000001,10.312750000000005,0.5829600000000004,-1.383969999999998,1.5017374346069938,12.309323234483555,43.804588534845536
0.511199,0.52785,0.0,2025-01-20 16:29:49.375,4644.0,123.0,2.1839299999999984,10.349500000000004,0.1023399999999972,0.0367499999999996,0.108738392943796,0.8840519751528138,43.804588534845536
0.14271,0.22240300000000002,0.0,2025-01-20 16:29:49.619,4888.0,122.0,-23.6103,-11.03179,-0.8882999999999974,-0.0652399999999993,0.8906925101290543,7.300758279746347,43.804588534845536
0.280663,0.24850899999999998,0.0,2025-01-20 16:29:49.742,5011.0,123.0,-13.953589999999998,-9.20437,9.65671,1.8274199999999985,9.828098080529111,79.90323642706593,43.804588534845536
0.286294,0.250114,0.0,2025-01-20 16:29:49.864,5133.0,122.0,-13.55942,-9.09202,0.394169999999999,0.112350000000001,0.4098688953799732,3.3595811096719115,43.804588534845536
0.346576,0.264136,0.0,2025-01-20 16:29:49.986,5255.0,122.0,-9.33968,-8.11048,4.21974,0.981539999999999,4.33239269217369,35.51141550962041,43.804588534845536
0.590716,0.24508400000000002,0.0,2025-01-20 16:29:50.108,5377.0,122.0,7.750120000000003,-9.444119999999998,17.089800000000004,-1.3336399999999973,17.141757777124262,140.50621128790377,43.804588534845536
0.6639079999999999,0.21189400000000003,0.0,2025-01-20 16:29:50.231,5500.0,123.0,12.873559999999998,-11.767419999999998,5.123439999999995,-2.3233,5.6255986635735,45.73657450059756,43.804588534845536
0.6633209999999999,0.21404600000000001,0.0,2025-01-20 16:29:50.353,5622.0,122.0,12.832469999999995,-11.61678,-0.0410900000000005,0.1506399999999992,0.1561435163559467,1.279864888163498,43.804588534845536
0.47484299999999996,0.385714,0.0,2025-01-20 16:29:50.475,5744.0,122.0,-0.3609900000000016,0.3999799999999998,-13.193459999999998,12.016759999999998,17.84572519314359,146.27643600937367,43.804588534845536
0.42777499999999996,0.466395,0.0,2025-01-20 16:29:50.597,5866.0,122.0,-3.6557500000000016,6.04765,-3.29476,5.64767,6.538472289954282,53.59403516355969,43.804588534845536
0.463198,0.506939,0.0,2025-01-20 16:29:50.720,5989.0,123.0,-1.1761399999999989,8.885730000000002,2.4796100000000028,2.8380800000000024,3.768708510683736,30.639906590924685,43.804588534845536
0.456598,0.522165,0.0,2025-01-20 16:29:50.842,6111.0,122.0,-1.6381399999999986,9.95155,-0.4619999999999997,1.0658199999999969,1.1616437803388753,9.521670330646518,43.804588534845536
0.656129,0.50009,0.0,2025-01-20 16:29:50.964,6233.0,122.0,12.32903,8.406300000000002,13.967169999999998,-1.5452499999999976,14.05238895602452,115.18351603298788,43.804588534845536
0.689889,0.45156300000000005,0.0,2025-01-20 16:29:51.087,6356.0,123.0,14.69223,5.009410000000003,2.363199999999999,-3.396889999999999,4.138064271141761,33.64279895237204,43.804588534845536
0.961293,0.29518300000000003,0.0,2025-01-20 16:29:51.209,6478.0,122.0,33.69051,-5.937189999999998,18.99828,-10.9466,21.92630143271774,179.72378223539133,43.804588534845536
0.969388,0.245707,0.0,2025-01-20 16:29:51.331,6600.0,122.0,34.257160000000006,-9.40051,0.5666500000000099,-3.463320000000002,3.509369978343695,28.765327691341763,43.804588534845536
0.8980589999999999,0.20103,0.0,2025-01-20 16:29:51.454,6723.0,123.0,29.26413,-12.5279,-4.993030000000008,-3.12739,5.891597134309174,47.89916369357052,43.804588534845536
0.882253,0.19696000000000002,0.0,2025-01-20 16:29:51.576,6845.0,122.0,28.15771,-12.8128,-1.10642,-0.2848999999999986,1.1425118058033357,9.364850867240456,43.804588534845536
0.879995,0.08318500000000001,0.0,2025-01-20 16:29:51.698,6967.0,122.0,27.99965,-20.77705,-0.1580599999999989,-7.96425,7.965818289799234,65.293592539338,43.804588534845536
0.12681,0.45073799999999997,0.0,2025-01-20 16:29:51.942,7211.0,122.0,-24.7233,4.951659999999998,-11.560780000000005,3.43826,12.061229872446676,98.86253993808752,43.804588534845536
0.10781899999999998,0.48402999999999996,0.0,2025-01-20 16:29:52.065,7334.0,123.0,-26.05267,7.282099999999997,-1.3293699999999973,2.3304399999999994,2.682941518278024,21.812532668927023,43.804588534845536
0.11064799999999998,0.49099899999999996,0.0,2025-01-20 16:29:52.187,7456.0,122.0,-25.85464,7.769929999999997,0.1980299999999992,0.4878299999999997,0.5264921554971161,4.315509471287838,43.804588534845536
0.11305,0.492669,0.0,2025-01-20 16:29:52.309,7578.0,122.0,-25.6865,7.886830000000002,0.168140000000001,0.1169000000000046,0.2047844466750379,1.678561038319983,43.804588534845536
0.10754499999999999,0.501815,0.0,2025-01-20 16:29:52.432,7701.0,123.0,-26.07185,8.527050000000001,-0.3853499999999989,0.6402199999999993,0.7472457901520747,6.075169025626623,43.804588534845536
0.077723,0.45233500000000004,0.0,2025-01-20 16:29:52.554,7823.0,122.0,-28.15939,5.063450000000003,-2.0875400000000006,-3.463599999999998,4.044050965504761,33.14795873364558,43.804588534845536
0.13115700000000002,0.580852,0.0,2025-01-20 16:29:52.676,7945.0,122.0,-24.41901,14.059640000000002,3.7403799999999983,8.996189999999999,9.74278589831984,79.85890080590035,43.804588534845536
0.265961,0.414277,0.0,2025-01-20 16:29:52.798,8067.0,122.0,-14.982729999999998,2.3993900000000004,9.436280000000002,-11.66025,15.000160342506344,122.95213395497004,43.804588534845536
0.221394,0.536798,0.0,2025-01-20 16:29:52.920,8189.0,122.0,-18.10242,10.97586,-3.1196900000000003,8.576469999999999,9.126242565097645,74.80526692702986,43.804588534845536
0.29919799999999996,0.551869,0.0,2025-01-20 16:29:53.043,8312.0,123.0,-12.65614,12.030830000000003,5.446279999999998,1.0549700000000044,5.54751543840123,45.10175153171731,43.804588534845536
0.312342,0.548104,0.0,2025-01-20 16:29:53.165,8434.0,122.0,-11.736059999999998,11.767280000000005,0.9200800000000022,-0.2635500000000004,0.957081923818439,7.844933801790483,43.804588534845536
0.359991,0.47369799999999995,0.0,2025-01-20 16:29:53.409,8678.0,244.0,-8.400629999999998,6.558859999999997,3.335430000000001,-5.208420000000007,6.184879318248665,25.34786605839617,43.804588534845536
0.357817,0.54438,0.0,2025-01-20 16:29:53.532,8801.0,123.0,-8.55281,11.5066,-0.1521800000000013,4.947740000000002,4.950079783195421,40.2445510828896,43.804588534845536
0.35845299999999997,0.552458,0.0,2025-01-20 16:29:53.654,8923.0,122.0,-8.50829,12.07206,0.0445199999999985,0.5654600000000016,0.5672098747377392,4.649261268342125,43.804588534845536
0.496478,0.52486,0.0,2025-01-20 16:29:53.776,9045.0,122.0,1.1534599999999997,10.1402,9.66175,-1.9318600000000004,9.852994271900291,80.76224813033026,43.804588534845536
0.513141,0.527087,0.0,2025-01-20 16:29:53.898,9167.0,122.0,2.319869999999998,10.296089999999998,1.1664099999999986,0.1558899999999976,1.1767811947001856,9.645747497542503,43.804588534845536
0.525833,0.514833,0.0,2025-01-20 16:29:54.021,9290.0,123.0,3.208310000000001,9.438309999999998,0.8884400000000028,-0.85778,1.2349543157542326,10.04027898987181,43.804588534845536
0.519026,0.525344,0.0,2025-01-20 16:29:54.143,9412.0,122.0,2.7318200000000004,10.174080000000002,-0.4764900000000005,0.735770000000004,0.8765844015267477,7.185118045301211,43.804588534845536
0.501836,0.542887,0.0,2025-01-20 16:29:54.265,9534.0,122.0,1.5285199999999977,11.40209,-1.2033000000000027,1.2280099999999994,1.7192845750776702,14.092496517030083,43.804588534845536
0.49844999999999995,0.54441,0.0,2025-01-20 16:29:54.387,9656.0,122.0,1.2914999999999976,11.508699999999996,-0.23702,0.1066099999999945,0.2598926172479681,2.1302673544915414,43.804588534845536
0.492536,0.546179,0.0,2025-01-20 16:29:54.509,9778.0,122.0,0.8775199999999994,11.632529999999996,-0.4139799999999982,0.1238300000000016,0.4321033548816752,3.5418307777186486,43.804588534845536
0.642025,0.478233,0.0,2025-01-20 16:29:54.632,9901.0,123.0,11.341749999999998,6.876310000000001,10.46423,-4.756219999999996,11.49442204642321,93.45058574327814,43.804588534845536
0.73791,0.42646700000000004,0.0,2025-01-20 16:29:54.754,10023.0,122.0,18.0537,3.2526900000000025,6.711950000000002,-3.6236199999999994,7.627640179432956,62.52164081502424,43.804588534845536
0.731259,0.42488800000000004,0.0,2025-01-20 16:29:54.876,10145.0,122.0,17.58813,3.1421600000000027,-0.4655699999999996,-0.1105299999999998,0.4785105075126351,3.92221727469373,43.804588534845536
0.56956,0.517698,0.0,2025-01-20 16:29:54.998,10267.0,122.0,6.269199999999998,9.63886,-11.318930000000002,6.496699999999997,13.05087304493075,106.97436922074384,43.804588534845536
0.304006,0.709247,0.0,2025-01-20 16:29:55.121,10390.0,123.0,-12.319579999999998,23.04729,-18.58878,13.408429999999996,22.920050980599928,186.34187789105636,43.804588534845536
