x,y,z,abs_datetime,milliseconds,time_diff,x_deg,y_deg,x_deg_diff,y_deg_diff,dist_deg,velocity_deg_s,avg_velocity_deg_s
0.33538199999999996,0.818522,0.0,2025-01-20 16:31:14.840,243.0,121.0,-10.123260000000002,30.69654,0.9701999999999984,0.2683099999999996,1.0066172540245857,8.31915085970732,30.802074091850123
0.171515,0.43175700000000006,0.0,2025-01-20 16:31:15.085,488.0,122.0,-21.59395,3.622990000000004,-0.8955799999999954,-6.238679999999999,6.302633709712153,51.66093204682093,30.802074091850123
0.162254,0.436593,0.0,2025-01-20 16:31:15.330,733.0,245.0,-22.24222,3.961510000000001,-0.6482700000000001,0.3385199999999968,0.7313342486852356,2.9850377497356555,30.802074091850123
0.174788,0.565347,0.0,2025-01-20 16:31:15.452,855.0,122.0,-21.36484,12.974290000000003,0.8773799999999987,9.012780000000005,9.055385082524102,74.22446788954181,30.802074091850123
0.15771000000000002,0.576963,0.0,2025-01-20 16:31:15.574,977.0,122.0,-22.5603,13.78741,-1.195459999999997,0.8131199999999961,1.4457830909233882,11.850681073142528,30.802074091850123
0.342773,0.5956,0.0,2025-01-20 16:31:15.697,1100.0,123.0,-9.60589,15.092,12.95441,1.304590000000001,13.019934466663033,105.85312574522791,30.802074091850123
0.371069,0.576192,0.0,2025-01-20 16:31:15.819,1222.0,122.0,-7.62517,13.733440000000002,1.980719999999999,-1.3585599999999989,2.401861151690495,19.687386489266355,30.802074091850123
0.38497899999999996,0.579752,0.0,2025-01-20 16:31:15.941,1344.0,122.0,-6.6514700000000015,13.982640000000004,0.9736999999999982,0.2492000000000018,1.0050832453085652,8.238387256627584,30.802074091850123
0.47431,0.597086,0.0,2025-01-20 16:31:16.063,1466.0,122.0,-0.3982999999999981,15.19602,6.2531700000000034,1.2133799999999972,6.3698058112708615,52.21152304320378,30.802074091850123
0.49121000000000004,0.605948,0.0,2025-01-20 16:31:16.185,1588.0,122.0,0.7847000000000037,15.816360000000005,1.1830000000000018,0.6203400000000023,1.335780938477566,10.949024085881687,30.802074091850123
0.511078,0.577207,0.0,2025-01-20 16:31:16.307,1710.0,122.0,2.175460000000004,13.80449,1.39076,-2.011870000000002,2.445778868683759,20.047367776096387,30.802074091850123
0.17988500000000002,0.21960400000000002,0.0,2025-01-20 16:31:16.552,1955.0,245.0,-21.00805,-11.227719999999998,-23.183510000000005,-25.03221,34.11871441605325,139.26005884103367,30.802074091850123
0.15893300000000002,0.307605,0.0,2025-01-20 16:31:16.674,2077.0,122.0,-22.47469,-5.067649999999999,-1.4666399999999982,6.160069999999999,6.332258309205333,51.90375663283059,30.802074091850123
0.285783,0.374206,0.0,2025-01-20 16:31:16.796,2199.0,122.0,-13.59519,-0.4055800000000015,8.8795,4.662069999999997,10.02897885803435,82.20474473798647,30.802074091850123
0.624185,0.32133,0.0,2025-01-20 16:31:17.041,2444.0,123.0,10.09295,-4.1069,2.74939,-0.2666999999999984,2.7622951077138733,22.457683802551816,30.802074091850123
0.621215,0.337209,0.0,2025-01-20 16:31:17.163,2566.0,122.0,9.885049999999998,-2.9953700000000016,-0.2079000000000022,1.111529999999998,1.1308056202990842,9.268898527041674,30.802074091850123
0.74302,0.319155,0.0,2025-01-20 16:31:17.285,2688.0,122.0,18.4114,-4.259149999999999,8.526350000000003,-1.2637799999999977,8.619500229763906,70.65164122757301,30.802074091850123
0.751525,0.333839,0.0,2025-01-20 16:31:17.407,2810.0,122.0,19.00675,-3.2312700000000003,0.5953499999999998,1.0278799999999988,1.1878463355586013,9.73644537343116,30.802074091850123
0.748641,0.289362,0.0,2025-01-20 16:31:17.530,2933.0,123.0,18.80487,-6.344659999999999,-0.2018799999999991,-3.113389999999999,3.119928336757111,25.365271030545617,30.802074091850123
0.803592,0.379462,0.0,2025-01-20 16:31:17.775,3178.0,245.0,22.65144,-0.0376599999999988,3.84657,6.307,7.38744541535841,30.15283843003433,30.802074091850123
0.799354,0.423535,0.0,2025-01-20 16:31:17.897,3300.0,122.0,22.35478,3.0474499999999995,-0.2966599999999992,3.0851099999999985,3.099340392357701,25.40442944555493,30.802074091850123
0.804253,0.44619600000000004,0.0,2025-01-20 16:31:18.019,3422.0,122.0,22.69771,4.633720000000002,0.342929999999999,1.5862700000000023,1.622915123412191,13.302582978788452,30.802074091850123
0.802925,0.44601500000000005,0.0,2025-01-20 16:31:18.141,3544.0,122.0,22.604750000000003,4.621050000000003,-0.0929599999999979,-0.012669999999999,0.0938194569372451,0.7690119421085665,30.802074091850123
0.802642,0.45327700000000004,0.0,2025-01-20 16:31:18.263,3666.0,122.0,22.58494,5.129390000000003,-0.0198100000000032,0.5083399999999996,0.5087258512204778,4.169884026397359,30.802074091850123
0.573465,0.49726099999999995,0.0,2025-01-20 16:31:18.385,3788.0,122.0,6.542550000000001,8.208269999999997,-16.042389999999997,3.0788799999999945,16.33517000115089,133.8948360750073,30.802074091850123
0.462236,0.575117,0.0,2025-01-20 16:31:18.508,3911.0,123.0,-1.24348,13.65819,-7.786030000000001,5.449920000000002,9.503888213110466,77.26738384642655,30.802074091850123
0.43862599999999996,0.596496,0.0,2025-01-20 16:31:18.630,4033.000000000001,122.00000000000044,-2.896180000000001,15.15472,-1.6527000000000014,1.4965300000000017,2.229578285438753,18.275231847858564,30.802074091850123
0.42940799999999996,0.595163,0.0,2025-01-20 16:31:18.752,4155.0,121.99999999999956,-3.541440000000002,15.06141,-0.6452600000000004,-0.0933100000000024,0.6519717967059625,5.344031120540697,30.802074091850123
0.32531699999999997,0.615543,0.0,2025-01-20 16:31:18.875,4278.0,123.0,-10.82781,16.488009999999996,-7.28637,1.426599999999997,7.424713821885661,60.363527007200496,30.802074091850123
0.317472,0.610372,0.0,2025-01-20 16:31:18.997,4400.0,122.0,-11.37696,16.126040000000003,-0.5491499999999991,-0.3619699999999923,0.6577142262411492,5.391100215091387,30.802074091850123
0.3105,0.601076,0.0,2025-01-20 16:31:19.119,4522.0,122.0,-11.864999999999998,15.475320000000004,-0.488039999999998,-0.6507199999999997,0.8133999999999987,6.667213114754087,30.802074091850123
0.303373,0.783453,0.0,2025-01-20 16:31:19.241,4644.0,122.0,-12.363889999999998,28.24171,-0.4988899999999994,12.766389999999994,12.77613419091236,104.722411400921,30.802074091850123
0.30388499999999996,0.802651,0.0,2025-01-20 16:31:19.363,4766.0,122.0,-12.32805,29.58557,0.0358399999999967,1.343860000000003,1.3443378314992134,11.019162553272242,30.802074091850123
0.307386,0.810712,0.0,2025-01-20 16:31:19.485,4888.0,122.0,-12.08298,30.14984,0.2450700000000019,0.5642699999999969,0.6151909766893509,5.042548989256974,30.802074091850123
0.308315,0.810135,0.0,2025-01-20 16:31:19.608,5011.0,123.0,-12.01795,30.10945,0.0650300000000001,-0.040389999999995,0.0765522893191289,0.6223763359278773,30.802074091850123
0.30283299999999996,0.804044,0.0,2025-01-20 16:31:19.730,5133.0,122.0,-12.401690000000002,29.68308,-0.3837400000000031,-0.4263700000000057,0.5736268512718065,4.701859436654151,30.802074091850123
0.30426,0.794817,0.0,2025-01-20 16:31:19.853,5256.0,123.0,-12.3018,29.03719,0.099890000000002,-0.6458899999999979,0.6535685918096108,5.313565787070006,30.802074091850123
0.14941400000000002,0.820605,0.0,2025-01-20 16:31:19.975,5378.0,122.0,-23.14102,30.842350000000003,-10.83922,1.8051600000000043,10.988507306909344,90.0697320238471,30.802074091850123
0.13675900000000002,0.824893,0.0,2025-01-20 16:31:20.097,5500.0,122.0,-24.02687,31.14251,-0.8858500000000014,0.3001599999999946,0.935321467785274,7.666569408076016,30.802074091850123
0.133378,0.829826,0.0,2025-01-20 16:31:20.219,5622.0,122.0,-24.26354,31.48782,-0.2366699999999966,0.3453099999999978,0.4186307262970515,3.431399395877471,30.802074091850123
0.12898600000000002,0.777192,0.0,2025-01-20 16:31:20.342,5745.0,123.0,-24.57098,27.80344,-0.3074399999999997,-3.684379999999997,3.6971847854820536,30.058412890098,30.802074091850123
0.10601799999999999,0.7639900000000001,0.0,2025-01-20 16:31:20.464,5867.0,122.0,-26.17874,26.879300000000004,-1.6077600000000023,-0.9241399999999942,1.8544344035850924,15.200281996599116,30.802074091850123
0.0008039999999999992,0.86106,0.0,2025-01-20 16:31:20.586,5989.0,122.0,-33.54372,33.674200000000006,-7.364979999999999,6.794900000000002,10.020658481876328,82.13654493341252,30.802074091850123
0.10931300000000001,0.800003,0.0,2025-01-20 16:31:20.708,6111.0,122.0,-25.94809,29.40021,7.59563,-4.273990000000005,8.715537024016365,71.43882806570791,30.802074091850123
0.123597,0.842629,0.0,2025-01-20 16:31:20.831,6234.0,123.0,-24.948210000000003,32.38403,0.9998799999999974,2.9838199999999944,3.146893993575246,25.58450401280688,30.802074091850123
0.13370700000000002,0.830777,0.0,2025-01-20 16:31:20.953,6356.0,122.0,-24.24051,31.55439,0.7077000000000062,-0.8296399999999977,1.0904777941801498,8.93834257524713,30.802074091850123
0.205069,0.696147,0.0,2025-01-20 16:31:21.074,6477.0,121.0,-19.24517,22.130289999999995,4.995339999999995,-9.424100000000005,10.666165314938636,88.15012656974079,30.802074091850123
0.207071,0.467484,0.0,2025-01-20 16:31:21.319,6722.0,245.0,-19.10503,6.123880000000001,0.1401400000000023,-16.006409999999995,16.007023468081123,65.33478966563723,30.802074091850123
0.219615,0.549752,0.0,2025-01-20 16:31:21.441,6844.0,122.0,-18.22695,11.88264,0.8780800000000006,5.75876,5.825318980450771,47.74851623320304,30.802074091850123
0.22033,0.563039,0.0,2025-01-20 16:31:21.564,6967.0,123.0,-18.1769,12.812729999999997,0.0500499999999988,0.9300899999999964,0.9314356717455012,7.572647737768302,30.802074091850123
0.39586899999999997,0.600221,0.0,2025-01-20 16:31:21.686,7089.0,122.0,-5.889170000000001,15.41547,12.28773,2.6027400000000025,12.560356844473011,102.95374462682796,30.802074091850123
0.42363599999999996,0.61208,0.0,2025-01-20 16:31:21.808,7211.0,122.0,-3.9454800000000017,16.245599999999996,1.9436899999999997,0.8301299999999969,2.1135388884522546,17.324089249608644,30.802074091850123
0.35266899999999995,0.794955,0.0,2025-01-20 16:31:21.930,7333.0,122.0,-8.913170000000003,29.04685,-4.967690000000001,12.801250000000003,13.731349005054096,112.55204102503356,30.802074091850123
0.348478,0.849584,0.0,2025-01-20 16:31:22.053,7456.0,123.0,-9.20654,32.87088,-0.2933699999999959,3.824030000000001,3.835266796169466,31.18103086316639,30.802074091850123
0.347502,0.852443,0.0,2025-01-20 16:31:22.175,7578.0,122.0,-9.27486,33.071009999999994,-0.0683200000000017,0.2001299999999943,0.211470185368997,1.7333621751557136,30.802074091850123
0.354942,0.852741,0.0,2025-01-20 16:31:22.297,7700.0,122.0,-8.75406,33.09187,0.5207999999999995,0.020860000000006,0.5212175933331489,4.272275355189745,30.802074091850123
0.42664399999999997,0.682928,0.0,2025-01-20 16:31:22.419,7822.0,122.0,-3.734920000000001,21.20496,5.01914,-11.88691,12.903115735654705,105.7632437348746,30.802074091850123
0.479199,0.597128,0.0,2025-01-20 16:31:22.664,8067.0,245.0,-0.0560699999999997,15.19896,3.6788500000000015,-6.006,7.043150809296931,28.74755432366094,30.802074091850123
0.479689,0.6385460000000001,0.0,2025-01-20 16:31:22.786,8189.0,122.0,-0.0217700000000004,18.098220000000005,0.0342999999999993,2.8992600000000053,2.8994628877776707,23.766089244079268,30.802074091850123
0.5415449999999999,0.664446,0.0,2025-01-20 16:31:22.908,8311.0,122.0,4.308149999999998,19.91122,4.329919999999998,1.8129999999999955,4.694164058317515,38.47675457637308,30.802074091850123
0.548173,0.705822,0.0,2025-01-20 16:31:23.031,8434.0,123.0,4.772110000000003,22.80754,0.4639600000000055,2.896319999999996,2.9332453739842466,23.847523365725586,30.802074091850123
0.548698,0.714882,0.0,2025-01-20 16:31:23.153,8556.0,122.0,4.808860000000003,23.44174,0.0367499999999996,0.6342000000000034,0.6352638841457968,5.207081017588499,30.802074091850123
0.5477609999999999,0.71995,0.0,2025-01-20 16:31:23.275,8678.0,122.0,4.743269999999997,23.7965,-0.0655900000000055,0.3547599999999988,0.36077237380376,2.9571506049488523,30.802074091850123
0.5422669999999999,0.712765,0.0,2025-01-20 16:31:23.397,8800.0,122.0,4.3586899999999975,23.29355,-0.3845799999999997,-0.5029499999999985,0.6331354348794562,5.18963471212669,30.802074091850123
0.398098,0.656038,0.0,2025-01-20 16:31:23.642,9045.0,245.0,-5.733139999999998,19.32266,-10.091829999999996,-3.9708900000000007,10.844952749597386,44.265113263662805,30.802074091850123
0.405989,0.664647,0.0,2025-01-20 16:31:23.764,9167.0,122.0,-5.18077,19.92529,0.552369999999998,0.6026300000000013,0.8174812131174634,6.700665681290683,30.802074091850123
0.41875999999999997,0.685591,0.0,2025-01-20 16:31:23.886,9289.0,122.0,-4.286800000000001,21.391369999999995,0.8939699999999986,1.4660799999999945,1.7171409165528555,14.074925545515212,30.802074091850123
0.405033,0.727182,0.0,2025-01-20 16:31:24.009,9412.0,123.0,-5.24769,24.30274,-0.9608899999999992,2.911370000000005,3.065841624904984,24.925541665894176,30.802074091850123
0.39638599999999996,0.749494,0.0,2025-01-20 16:31:24.130,9533.0,121.0,-5.852980000000001,25.86458,-0.605290000000001,1.56184,1.6750284086247618,13.843209988634396,30.802074091850123
0.393767,0.75283,0.0,2025-01-20 16:31:24.253,9656.0,123.0,-6.03631,26.0981,-0.1833299999999988,0.2335199999999986,0.2968863070267791,2.4137098132258465,30.802074091850123
0.39016799999999996,0.771491,0.0,2025-01-20 16:31:24.376,9779.0,123.0,-6.288240000000002,27.404370000000004,-0.2519300000000015,1.306270000000005,1.3303420754828488,10.815789231567877,30.802074091850123
0.382364,0.77642,0.0,2025-01-20 16:31:24.497,9900.0,121.0,-6.83452,27.7494,-0.5462799999999985,0.3450299999999977,0.6461172798339299,5.339812230032479,30.802074091850123
0.379544,0.775844,0.0,2025-01-20 16:31:24.620,10023.0,123.0,-7.03192,27.70908,-0.1973999999999991,-0.0403200000000047,0.2014757116875382,1.6380139161588478,30.802074091850123
0.386681,0.763338,0.0,2025-01-20 16:31:24.742,10145.0,122.0,-6.532329999999999,26.83366,0.4995900000000004,-0.8754199999999983,1.0079436216872435,8.261832964649539,30.802074091850123
0.27131299999999997,0.6746260000000001,0.0,2025-01-20 16:31:24.986,10389.0,244.0,-14.60809,20.62382,-8.075760000000002,-6.209839999999996,10.187247538133152,41.75101450054572,30.802074091850123
0.25254099999999996,0.736551,0.0,2025-01-20 16:31:25.109,10512.0,123.0,-15.92213,24.95857,-1.3140400000000003,4.334749999999996,4.529542878050717,36.82555185407087,30.802074091850123
0.256472,0.745713,0.0,2025-01-20 16:31:25.231,10634.0,122.0,-15.64696,25.59991,0.275170000000001,0.6413399999999996,0.6978793051094151,5.720322173027993,30.802074091850123
0.260229,0.762641,0.0,2025-01-20 16:31:25.353,10756.0,122.0,-15.38397,26.78487,0.2629900000000003,1.1849600000000038,1.2137932038448762,9.949124621679312,30.802074091850123
0.264758,0.760131,0.0,2025-01-20 16:31:25.475,10878.0,122.0,-15.06694,26.60917,0.3170300000000008,-0.1757000000000026,0.3624617371530427,2.970997845516744,30.802074091850123
0.458217,0.64075,0.0,2025-01-20 16:31:25.964,11367.0,122.0,-1.5248099999999998,18.2525,-11.93801,3.870439999999999,12.549756513721691,102.86685666984994,30.802074091850123
0.44998099999999996,0.642512,0.0,2025-01-20 16:31:26.086,11489.0,122.0,-2.1013300000000013,18.37584,-0.5765200000000015,0.1233399999999953,0.5895659980019206,4.832508180343611,30.802074091850123
0.433085,0.646659,0.0,2025-01-20 16:31:26.209,11612.0,123.0,-3.284049999999999,18.66613,-1.1827199999999976,0.2902900000000024,1.2178238306503923,9.901006753255222,30.802074091850123
0.43383499999999997,0.646881,0.0,2025-01-20 16:31:26.331,11734.0,122.0,-3.231550000000001,18.681670000000004,0.0524999999999979,0.0155400000000049,0.0547516355920071,0.4487838982951406,30.802074091850123
0.35557099999999997,0.632947,0.0,2025-01-20 16:31:26.454,11857.0,123.0,-8.710030000000001,17.706290000000003,-5.478480000000001,-0.9753800000000012,5.564630199285484,45.24089592915029,30.802074091850123
0.353166,0.632383,0.0,2025-01-20 16:31:26.576,11979.0,122.0,-8.87838,17.66681,-0.1683499999999984,-0.039480000000001,0.1729173007538562,1.417354924211936,30.802074091850123
0.350582,0.63449,0.0,2025-01-20 16:31:26.697,12100.0,121.0,-9.059259999999998,17.8143,-0.1808799999999983,0.1474899999999976,0.2333899622948654,1.9288426635939293,30.802074091850123
0.35378499999999996,0.584538,0.0,2025-01-20 16:31:26.820,12223.0,123.0,-8.83505,14.31766,0.2242099999999975,-3.4966399999999997,3.503820973408886,28.486349377308017,30.802074091850123
0.47235099999999997,0.568302,0.0,2025-01-20 16:31:27.064,12467.0,244.0,-0.5354300000000012,13.181139999999996,8.299619999999999,-1.1365200000000026,8.377074062869445,34.33227074946494,30.802074091850123
0.43054899999999996,0.632521,0.0,2025-01-20 16:31:27.186,12589.0,122.0,-3.461570000000002,17.67647,-2.9261400000000006,4.495330000000001,5.363794096392964,43.96552538027019,30.802074091850123
0.32698,0.674371,0.0,2025-01-20 16:31:27.308,12711.0,122.0,-10.7114,20.605970000000003,-7.249829999999997,2.9295000000000044,7.819335347643046,64.09291268559873,30.802074091850123
0.348942,0.714224,0.0,2025-01-20 16:31:27.431,12834.0,123.0,-9.17406,23.39568,1.5373399999999986,2.789709999999996,3.185262337657602,25.896441769574,30.802074091850123
0.351782,0.752111,0.0,2025-01-20 16:31:27.553,12956.0,122.0,-8.97526,26.04777,0.1988000000000003,2.6520899999999976,2.6595305616029283,21.799430832810888,30.802074091850123
0.352719,0.754133,0.0,2025-01-20 16:31:27.675,13078.0,122.0,-8.909669999999998,26.189310000000003,0.065590000000002,0.1415400000000062,0.155998781084988,1.2786785334835085,30.802074091850123
0.36035,0.754722,0.0,2025-01-20 16:31:27.797,13200.0,122.0,-8.375499999999999,26.23054,0.5341699999999996,0.0412299999999987,0.5357588093536115,4.391465650439439,30.802074091850123
0.36245499999999997,0.752878,0.0,2025-01-20 16:31:27.920,13323.0,123.0,-8.228150000000001,26.101460000000003,0.1473499999999976,-0.1290799999999983,0.1958919827353811,1.5926177458161068,30.802074091850123
0.359888,0.725207,0.0,2025-01-20 16:31:28.042,13445.0,122.0,-8.40784,24.164490000000004,-0.179689999999999,-1.9369699999999987,1.945286939502755,15.944974913957008,30.802074091850123
0.34398,0.708379,0.0,2025-01-20 16:31:28.164,13567.0,122.0,-9.521399999999998,22.98653,-1.113559999999998,-1.177960000000006,1.6209890916351068,13.286795833074644,30.802074091850123
