x,y,z,abs_datetime,milliseconds,time_diff,x_deg,y_deg,x_deg_diff,y_deg_diff,dist_deg,velocity_deg_s,avg_velocity_deg_s
0.067416,0.694785,0.0,2025-01-23 17:08:33.836,246.0,130.0,-28.18088,23.43495,0.0479500000000001,0.2270800000000008,0.232087330330633,1.7852871563894854,17.584938146499507
0.068679,0.6980919999999999,0.0,2025-01-23 17:08:33.960,370.0,124.0,-28.09247,23.66644,0.0884099999999996,0.2314899999999973,0.2477982005584356,1.9983725851486749,17.584938146499507
0.06958400000000001,0.693363,0.0,2025-01-23 17:08:34.082,492.0,122.0,-28.02912,23.33541,0.0633499999999998,-0.3310300000000019,0.3370372136723202,2.762600112068199,17.584938146499507
0.077243,0.689177,0.0,2025-01-23 17:08:34.204,614.0,122.0,-27.49299,23.042390000000005,0.5361299999999964,-0.2930199999999914,0.6109796210185665,5.008029680480053,17.584938146499507
0.191287,0.690129,0.0,2025-01-23 17:08:34.327,737.0,123.0,-19.50991,23.10903,7.983080000000005,0.066639999999996,7.983358139028968,64.90535072381275,17.584938146499507
0.207826,0.692089,0.0,2025-01-23 17:08:34.449,859.0,122.0,-18.35218,23.24623,1.1577299999999973,0.1371999999999964,1.1658312883517892,9.555994166817944,17.584938146499507
0.264332,0.6966829999999999,0.0,2025-01-23 17:08:34.572,982.0,123.0,-14.39676,23.56781,3.95542,0.3215800000000008,3.968470873371758,32.2639908404208,17.584938146499507
0.275637,0.696519,0.0,2025-01-23 17:08:34.693,1103.0,121.0,-13.60541,23.556330000000003,0.7913499999999996,-0.0114799999999952,0.7914332649693209,6.54077078487042,17.584938146499507
0.27935699999999997,0.695996,0.0,2025-01-23 17:08:34.816,1226.0,123.0,-13.34501,23.51972,0.2604000000000006,-0.0366100000000066,0.2629609326497014,2.1378937613796865,17.584938146499507
0.28266800000000003,0.694178,0.0,2025-01-23 17:08:34.938,1348.0,122.0,-13.11324,23.39246,0.2317700000000009,-0.1272599999999961,0.2644096074275658,2.167291864160376,17.584938146499507
0.183746,0.653293,0.0,2025-01-23 17:08:35.060,1470.0,122.0,-20.03778,20.530510000000003,-6.924540000000002,-2.8619499999999967,7.492663879695926,61.41527770242562,17.584938146499507
0.122923,0.624114,0.0,2025-01-23 17:08:35.182,1592.0,122.0,-24.29539,18.48798,-4.257609999999996,-2.0425300000000064,4.722199880670025,38.70655639893463,17.584938146499507
0.11135800000000001,0.606433,0.0,2025-01-23 17:08:35.304,1714.0,122.0,-25.104940000000003,17.250310000000002,-0.8095500000000051,-1.2376699999999945,1.4789179258498404,12.122278080736397,17.584938146499507
0.11321900000000001,0.58723,0.0,2025-01-23 17:08:35.427,1837.0,123.0,-24.97467,15.906100000000002,0.130270000000003,-1.3442100000000003,1.3505076071611006,10.979736643586184,17.584938146499507
0.09602,0.538768,0.0,2025-01-23 17:08:35.549,1959.0,122.0,-26.1786,12.513760000000005,-1.2039299999999995,-3.392339999999999,3.599641387763508,29.50525727675007,17.584938146499507
0.093495,0.537869,0.0,2025-01-23 17:08:35.672,2082.0,123.0,-26.35535,12.450830000000003,-0.1767499999999984,-0.0629299999999997,0.1876186222100551,1.5253546521142696,17.584938146499507
0.093644,0.537833,0.0,2025-01-23 17:08:35.794,2204.0,122.0,-26.34492,12.44831,0.0104299999999959,-0.0025200000000022,0.0107301118353876,0.0879517363556367,17.584938146499507
0.094961,0.527763,0.0,2025-01-23 17:08:35.916,2326.0,122.0,-26.25273,11.74341,0.0921900000000022,-0.7049000000000021,0.7109029512528439,5.82707337092495,17.584938146499507
0.092725,0.519946,0.0,2025-01-23 17:08:36.038,2448.0,122.0,-26.40925,11.196220000000002,-0.1565200000000004,-0.547189999999997,0.5691356661640499,4.665046443967622,17.584938146499507
0.111174,0.520371,0.0,2025-01-23 17:08:36.160,2570.0,122.0,-25.11782,11.225970000000004,1.291430000000002,0.0297500000000017,1.291772622174663,10.588300181759532,17.584938146499507
0.113872,0.523176,0.0,2025-01-23 17:08:36.283,2693.0,123.0,-24.92896,11.42232,0.1888599999999982,0.1963499999999953,0.2724360881014068,2.214927545539893,17.584938146499507
0.165928,0.48814,0.0,2025-01-23 17:08:36.405,2815.0,122.0,-21.28504,8.969800000000003,3.643919999999998,-2.4525199999999963,4.392380597899044,36.00311965491019,17.584938146499507
0.22888,0.491472,0.0,2025-01-23 17:08:36.527,2937.0,122.0,-16.8784,9.20304,4.406640000000003,0.2332399999999985,4.412808288063286,36.17055973822365,17.584938146499507
0.23410499999999998,0.493205,0.0,2025-01-23 17:08:36.649,3059.0,122.0,-16.51265,9.32435,0.3657499999999984,0.1213099999999993,0.3853429363566935,3.158548658661422,17.584938146499507
0.271679,0.48944199999999993,0.0,2025-01-23 17:08:36.772,3182.0,123.0,-13.88247,9.060939999999997,2.6301799999999997,-0.2634100000000039,2.643337220352333,21.490546506929537,17.584938146499507
0.271548,0.486561,0.0,2025-01-23 17:08:36.894,3304.0,122.0,-13.89164,8.859270000000002,-0.0091699999999992,-0.2016699999999947,0.2018783737798525,1.6547407686873157,17.584938146499507
0.28228600000000004,0.49011799999999994,0.0,2025-01-23 17:08:37.016,3426.0,122.0,-13.13998,9.108259999999998,0.7516600000000011,0.2489899999999956,0.7918262282218236,6.490378919851013,17.584938146499507
0.287195,0.46421100000000004,0.0,2025-01-23 17:08:37.138,3548.0,122.0,-12.79635,7.294770000000003,0.3436299999999992,-1.8134899999999945,1.8457593442808244,15.129174953121511,17.584938146499507
0.294851,0.454566,0.0,2025-01-23 17:08:37.260,3670.0,122.0,-12.26043,6.619620000000003,0.5359200000000008,-0.6751500000000004,0.8619963856652773,7.065544144797355,17.584938146499507
0.30529399999999995,0.46982999999999997,0.0,2025-01-23 17:08:37.383,3793.0,123.0,-11.529420000000002,7.688099999999999,0.7310099999999977,1.0684799999999957,1.2946138924405173,10.525316198703392,17.584938146499507
0.29849400000000004,0.491096,0.0,2025-01-23 17:08:37.510,3920.0,127.0,-12.00542,9.17672,-0.4759999999999973,1.488620000000001,1.5628709173824946,12.306070215610193,17.584938146499507
0.297594,0.49881200000000003,0.0,2025-01-23 17:08:37.639,4049.000000000001,129.00000000000043,-12.06842,9.716840000000005,-0.0630000000000006,0.5401200000000035,0.5437817709338957,4.215362565379022,17.584938146499507
0.30043600000000004,0.49915299999999996,0.0,2025-01-23 17:08:37.761,4171.0,121.99999999999956,-11.86948,9.740709999999998,0.1989400000000003,0.0238699999999951,0.2003669146840363,1.6423517597052222,17.584938146499507
0.44103499999999995,0.537919,0.0,2025-01-23 17:08:37.883,4293.0,122.0,-2.027550000000001,12.454330000000004,9.841929999999998,2.713620000000006,10.209178205384603,83.68178856872625,17.584938146499507
0.474349,0.490117,0.0,2025-01-23 17:08:38.006,4416.0,123.0,0.3044300000000033,9.108190000000002,2.331980000000005,-3.346140000000002,4.078576175578928,33.15915589901568,17.584938146499507
0.48147799999999996,0.48561599999999994,0.0,2025-01-23 17:08:38.128,4538.0,122.0,0.8034599999999992,8.793119999999996,0.4990299999999958,-0.3150700000000057,0.5901695059895923,4.8374549671278055,17.584938146499507
0.459666,0.510887,0.0,2025-01-23 17:08:38.252,4662.0,124.0,-0.7233800000000007,10.56209,-1.52684,1.768970000000003,2.336770259674667,18.84492144898925,17.584938146499507
0.463886,0.533058,0.0,2025-01-23 17:08:38.373,4783.0,121.0,-0.4279800000000006,12.114060000000004,0.2954000000000001,1.5519700000000043,1.5798329155008808,13.056470376040336,17.584938146499507
0.457913,0.543328,0.0,2025-01-23 17:08:38.495,4905.0,122.0,-0.846090000000001,12.832960000000003,-0.4181100000000004,0.7188999999999997,0.8316448653722331,6.816761191575682,17.584938146499507
0.47967399999999993,0.548505,0.0,2025-01-23 17:08:38.618,5028.0,123.0,0.6771799999999972,13.195350000000005,1.5232699999999983,0.3623899999999995,1.5657835115366348,12.729947248265324,17.584938146499507
0.487262,0.547139,0.0,2025-01-23 17:08:38.740,5150.0,122.0,1.20834,13.099730000000005,0.5311600000000027,-0.0956199999999984,0.539698184173342,4.423755607978213,17.584938146499507
0.481885,0.545468,0.0,2025-01-23 17:08:38.862,5272.0,122.0,0.8319500000000024,12.982759999999995,-0.3763899999999975,-0.1169700000000073,0.3941464359854087,3.2307084916836777,17.584938146499507
0.42382299999999995,0.46592500000000003,0.0,2025-01-23 17:08:38.984,5394.0,122.0,-3.232390000000001,7.414750000000003,-4.064340000000004,-5.568009999999994,6.893590863671848,56.50484314485121,17.584938146499507
0.542968,0.533015,0.0,2025-01-23 17:08:39.107,5517.0,123.0,5.1077600000000025,12.111050000000002,8.340150000000005,4.696299999999999,9.571485554108104,77.81695572445611,17.584938146499507
0.5424789999999999,0.53686,0.0,2025-01-23 17:08:39.229,5639.0,122.0,5.073529999999997,12.380200000000002,-0.0342300000000053,0.2691499999999998,0.2713179231086665,2.223917402530053,17.584938146499507
0.534158,0.5478419999999999,0.0,2025-01-23 17:08:39.351,5761.0,122.0,4.491060000000004,13.148939999999996,-0.5824699999999936,0.768739999999994,0.9644856082389116,7.90561973966321,17.584938146499507
0.514169,0.55854,0.0,2025-01-23 17:08:39.474,5884.0,123.0,3.0918300000000007,13.897800000000004,-1.3992300000000029,0.7488600000000076,1.5870210750018474,12.902610365868677,17.584938146499507
0.518794,0.558442,0.0,2025-01-23 17:08:39.596,6006.0,122.0,3.4155800000000003,13.89094,0.3237499999999995,-0.0068600000000031,0.3238226707628725,2.6542841865809224,17.584938146499507
0.5250549999999999,0.5573359999999999,0.0,2025-01-23 17:08:39.718,6128.0,122.0,3.8538499999999978,13.813519999999995,0.4382699999999975,-0.0774200000000036,0.4450555575430986,3.647996373304087,17.584938146499507
0.5159,0.560319,0.0,2025-01-23 17:08:39.840,6250.0,122.0,3.213000000000004,14.022330000000002,-0.6408499999999941,0.208810000000005,0.6740106368596823,5.524677351308871,17.584938146499507
0.521745,0.559264,0.0,2025-01-23 17:08:39.963,6373.0,123.0,3.622150000000003,13.94848,0.4091499999999994,-0.0738500000000019,0.4157614039325918,3.380174015712129,17.584938146499507
0.526207,0.557365,0.0,2025-01-23 17:08:40.085,6495.0,122.0,3.93449,13.815550000000002,0.3123399999999972,-0.1329299999999982,0.3394505273231988,2.78238137150163,17.584938146499507
0.091979,0.313737,0.0,2025-01-23 17:08:40.330,6740.0,123.0,-26.46147,-3.23841,-1.0075099999999964,0.2384899999999996,1.035352056162537,8.41749639156534,17.584938146499507
0.082459,0.30655499999999997,0.0,2025-01-23 17:08:40.452,6862.0,122.0,-27.12787,-3.7411500000000015,-0.666400000000003,-0.5027400000000015,0.8347673134472896,6.842355028256472,17.584938146499507
0.07752,0.287597,0.0,2025-01-23 17:08:40.574,6984.0,122.0,-27.4736,-5.06821,-0.3457299999999996,-1.327059999999998,1.37135607210527,11.240623541846476,17.584938146499507
0.07707,0.277211,0.0,2025-01-23 17:08:40.697,7107.0,123.0,-27.5051,-5.79523,-0.0314999999999976,-0.7270200000000004,0.7277020890446863,5.916277146704767,17.584938146499507
0.092506,0.273347,0.0,2025-01-23 17:08:40.819,7229.0,122.0,-26.42458,-6.065709999999998,1.08052,-0.2704799999999983,1.1138594618712,9.129995589108196,17.584938146499507
0.193751,0.24615599999999999,0.0,2025-01-23 17:08:40.941,7351.0,122.0,-19.33743,-7.96908,7.087150000000001,-1.9033700000000016,7.338290841837765,60.14992493309644,17.584938146499507
0.201383,0.242176,0.0,2025-01-23 17:08:41.064,7474.0,123.0,-18.80319,-8.247679999999999,0.5342399999999969,-0.278599999999999,0.6025199893779427,4.8985364990076645,17.584938146499507
0.199818,0.23326399999999997,0.0,2025-01-23 17:08:41.186,7596.0,122.0,-18.912740000000003,-8.87152,-0.1095500000000022,-0.6238400000000013,0.6333857814160356,5.191686732918325,17.584938146499507
0.325453,0.235769,0.0,2025-01-23 17:08:41.308,7718.0,122.0,-10.118289999999998,-8.696169999999999,8.794450000000005,0.1753500000000016,8.796197952808933,72.09998321974535,17.584938146499507
0.34543999999999997,0.23735499999999998,0.0,2025-01-23 17:08:41.431,7841.0,123.0,-8.7192,-8.58515,1.3990899999999975,0.1110199999999981,1.4034878939627489,11.410470682623975,17.584938146499507
0.37183200000000005,0.208048,0.0,2025-01-23 17:08:41.553,7963.0,122.0,-6.871759999999998,-10.636639999999998,1.8474400000000024,-2.0514899999999976,2.7607328327275718,22.62895764530796,17.584938146499507
0.376945,0.202588,0.0,2025-01-23 17:08:41.675,8085.000000000001,122.00000000000092,-6.51385,-11.01884,0.3579099999999986,-0.382200000000001,0.5236185711947198,4.291955501596032,17.584938146499507
0.38697400000000004,0.17959399999999998,0.0,2025-01-23 17:08:41.797,8207.0,121.99999999999908,-5.811819999999999,-12.62842,0.7020300000000006,-1.6095800000000011,1.756016485486399,14.393577749888625,17.584938146499507
0.38379700000000005,0.202723,0.0,2025-01-23 17:08:41.920,8330.0,123.0,-6.034209999999998,-11.00939,-0.2223899999999989,1.6190300000000004,1.634232374235684,13.28644206695678,17.584938146499507
0.37595100000000004,0.22266799999999998,0.0,2025-01-23 17:08:42.042,8452.0,122.0,-6.58343,-9.61324,-0.5492200000000018,1.396149999999999,1.5002924484579658,12.297479085721031,17.584938146499507
0.5899639999999999,0.26469899999999996,0.0,2025-01-23 17:08:42.164,8574.0,122.0,8.397479999999998,-6.671070000000002,14.980909999999998,2.942169999999999,15.26708972715494,125.1400797307782,17.584938146499507
0.601594,0.270594,0.0,2025-01-23 17:08:42.286,8696.0,122.0,9.21158,-6.258419999999999,0.8141000000000016,0.4126500000000028,0.9127096101718252,7.481226312883813,17.584938146499507
0.604181,0.277916,0.0,2025-01-23 17:08:42.409,8819.0,123.0,9.39267,-5.74588,0.1810899999999993,0.5125399999999996,0.5435906913294223,4.419436514873352,17.584938146499507
0.606745,0.273316,0.0,2025-01-23 17:08:42.531,8941.0,122.0,9.57215,-6.067879999999999,0.1794800000000016,-0.3219999999999992,0.3686421983441397,3.021657363476555,17.584938146499507
0.606837,0.256414,0.0,2025-01-23 17:08:42.653,9063.0,122.0,9.578589999999998,-7.25102,0.0064399999999977,-1.1831400000000016,1.1831575267900736,9.698012514672731,17.584938146499507
0.601263,0.255309,0.0,2025-01-23 17:08:42.775,9185.0,122.0,9.18841,-7.328369999999999,-0.3901799999999973,-0.0773499999999982,0.3977731198811675,3.2604354088620284,17.584938146499507
0.650305,0.25011,0.0,2025-01-23 17:08:42.898,9308.0,123.0,12.621350000000003,-7.692299999999999,3.432940000000002,-0.3639300000000007,3.4521764277771223,28.06647502257823,17.584938146499507
0.657837,0.257329,0.0,2025-01-23 17:08:43.020,9430.0,122.0,13.148590000000002,-7.1869700000000005,0.527239999999999,0.505329999999999,0.7303015996833075,5.98607868592875,17.584938146499507
0.783374,0.228416,0.0,2025-01-23 17:08:43.142,9552.0,122.0,21.936180000000004,-9.210879999999998,8.787590000000002,-2.023909999999997,9.017646571927736,73.91513583547324,17.584938146499507
0.801669,0.23293399999999997,0.0,2025-01-23 17:08:43.264,9674.0,122.0,23.21683,-8.894620000000002,1.2806499999999943,0.3162599999999962,1.3191227426210128,10.812481496893549,17.584938146499507
0.8061159999999999,0.242404,0.0,2025-01-23 17:08:43.387,9797.0,123.0,23.52812,-8.23172,0.3112899999999996,0.6629000000000023,0.7323509227822429,5.954072542945064,17.584938146499507
0.892322,0.25155,0.0,2025-01-23 17:08:43.509,9919.0,122.0,29.56254,-7.591499999999999,6.034420000000001,0.6402200000000002,6.068286939886743,49.74005688431757,17.584938146499507
0.8846459999999999,0.27647299999999997,0.0,2025-01-23 17:08:43.631,10041.0,122.0,29.02522,-5.846890000000001,-0.5373200000000011,1.744609999999998,1.825479891562762,14.962949930842314,17.584938146499507
0.885894,0.277656,0.0,2025-01-23 17:08:43.753,10163.0,122.0,29.11258,-5.764079999999998,0.0873600000000003,0.0828100000000029,0.1203713657810716,0.9866505391891116,17.584938146499507
