x,y,z,abs_datetime,milliseconds,time_diff,x_deg,y_deg,x_deg_diff,y_deg_diff,dist_deg,velocity_deg_s,avg_velocity_deg_s
0.261298,0.703408,0.0,2025-01-20 16:35:54.231,248.0,125.0,-15.30914,26.83856,1.5165500000000005,1.058259999999997,1.8492804357641368,14.794243486113093,42.27867908764388
0.270331,0.7375830000000001,0.0,2025-01-20 16:35:54.355,372.0,124.0,-14.67683,29.23081,0.6323100000000021,2.392250000000004,2.474404170421644,19.95487234211003,42.27867908764388
0.4194839999999999,0.6096349999999999,0.0,2025-01-20 16:35:54.555,572.0,200.0,-4.236120000000001,20.27445,10.440709999999996,-8.956360000000004,13.75590090665457,68.77950453327284,42.27867908764388
0.155715,0.683961,0.0,2025-01-20 16:35:54.769,786.0,214.0,-22.69995,25.47727,-18.463829999999994,5.202819999999999,19.18286616283656,89.63956150858205,42.27867908764388
0.155754,0.7128430000000001,0.0,2025-01-20 16:35:54.893,910.0,124.0,-22.69722,27.49901000000001,0.0027299999999961,2.0217400000000083,2.021741843188698,16.30436970313466,42.27867908764388
0.163807,0.6566540000000001,0.0,2025-01-20 16:35:55.015,1032.0,122.0,-22.13351,23.56578,0.5637100000000004,-3.933230000000005,3.973420088160833,32.5690171160724,42.27867908764388
0.23129,0.7066520000000001,0.0,2025-01-20 16:35:55.138,1155.0,123.0,-17.4097,27.06564,4.72381,3.499859999999998,5.87906463101912,47.79727342291967,42.27867908764388
0.244459,0.7209430000000001,0.0,2025-01-20 16:35:55.261,1278.0,123.0,-16.48787,28.06601,0.92183,1.0003700000000038,1.3603347697533896,11.059632274417805,42.27867908764388
0.248928,0.6912259999999999,0.0,2025-01-20 16:35:55.383,1400.0,122.0,-16.17504,25.98582,0.3128300000000017,-2.0801900000000053,2.1035810050958395,17.24246725488393,42.27867908764388
0.241482,0.627386,0.0,2025-01-20 16:35:55.505,1522.0,122.0,-16.696260000000002,21.51702,-0.5212200000000031,-4.4687999999999946,4.499093656326789,36.87781685513762,42.27867908764388
0.225808,0.6875819999999999,0.0,2025-01-20 16:35:55.633,1650.0,128.0,-17.793439999999997,25.73074,-1.0971799999999945,4.213719999999995,4.354220962560346,34.0173512700027,42.27867908764388
0.171458,0.5490189999999999,0.0,2025-01-20 16:35:55.755,1772.0,122.0,-21.59794,16.031329999999997,-3.804500000000001,-9.69941,10.418866281803409,85.40054329347056,42.27867908764388
0.155819,0.5057860000000001,0.0,2025-01-20 16:35:55.877,1894.0,122.0,-22.69267,13.00502,-1.094730000000002,-3.026309999999997,3.2182271500004447,26.378911065577416,42.27867908764388
0.141632,0.510292,0.0,2025-01-20 16:35:56.000,2017.0,123.0,-23.68576,13.32044,-0.9930900000000022,0.3154200000000013,1.041977698657704,8.471363403721172,42.27867908764388
0.285839,0.520497,0.0,2025-01-20 16:35:56.122,2139.0,122.0,-13.591269999999998,14.034790000000005,10.094490000000004,0.7143500000000014,10.119734397828832,82.94864260515436,42.27867908764388
0.3020299999999999,0.5237940000000001,0.0,2025-01-20 16:35:56.244,2261.0,122.0,-12.4579,14.265580000000002,1.1333699999999975,0.2307899999999989,1.1566294052115371,9.480568895176534,42.27867908764388
0.436867,0.5432950000000001,0.0,2025-01-20 16:35:56.366,2383.0,122.0,-3.019309999999998,15.63065,9.43859,1.3650699999999991,9.536791771502616,78.17042435657882,42.27867908764388
0.471227,0.544448,0.0,2025-01-20 16:35:56.489,2506.0,123.0,-0.6141099999999983,15.71136,2.4052,0.080709999999998,2.406553789986835,19.56547796737264,42.27867908764388
0.472365,0.5464230000000001,0.0,2025-01-20 16:35:56.611,2628.0,122.0,-0.5344500000000002,15.849610000000002,0.079659999999998,0.1382500000000028,0.1595580712468049,1.307853043006598,42.27867908764388
0.248339,0.518594,0.0,2025-01-20 16:35:56.733,2750.0,122.0,-16.21627,13.901580000000004,-15.681820000000002,-1.94803,15.802351071701326,129.52746780083055,42.27867908764388
0.255293,0.44912199999999997,0.0,2025-01-20 16:35:56.855,2872.0,122.0,-15.729489999999998,9.038539999999998,0.4867800000000031,-4.863040000000005,4.887342100774209,40.06018115388696,42.27867908764388
0.243097,0.401542,0.0,2025-01-20 16:35:56.978,2995.0,123.0,-16.583209999999998,5.707940000000001,-0.8537199999999991,-3.330599999999997,3.438274886974568,27.95345436564689,42.27867908764388
0.221684,0.5033110000000001,0.0,2025-01-20 16:35:57.100,3117.0,122.0,-18.08212,12.83177,-1.4989100000000022,7.12383,7.279813531746538,59.67060271923392,42.27867908764388
0.215489,0.52108,0.0,2025-01-20 16:35:57.222,3239.0,122.0,-18.51577,14.075600000000003,-0.4336500000000001,1.2438300000000029,1.317256767452727,10.797186618464972,42.27867908764388
0.235951,0.535941,0.0,2025-01-20 16:35:57.344,3361.0,122.0,-17.08343,15.115870000000005,1.43234,1.0402699999999996,1.770242793658542,14.510186833266737,42.27867908764388
0.398813,0.547126,0.0,2025-01-20 16:35:57.467,3484.0,123.0,-5.683090000000001,15.898820000000004,11.40034,0.7829500000000014,11.42719400457085,92.904016297324,42.27867908764388
0.420703,0.291272,0.0,2025-01-20 16:35:57.589,3606.0,122.0,-4.150789999999999,-2.010959999999998,1.532300000000002,-17.90978,17.975209677174842,147.33778423913805,42.27867908764388
0.5248309999999999,0.4364889999999999,0.0,2025-01-20 16:35:57.711,3728.0,122.0,3.138169999999997,8.154229999999997,7.288959999999996,10.165189999999996,12.508398203515103,102.527854127173,42.27867908764388
0.5194529999999999,0.5248029999999999,0.0,2025-01-20 16:35:57.833,3850.0,122.0,2.761709999999997,14.336209999999998,-0.3764599999999998,6.181980000000001,6.193431912276102,50.76583534652543,42.27867908764388
0.530781,0.5474760000000001,0.0,2025-01-20 16:35:57.955,3972.0,122.0,3.5546699999999976,15.92332,0.7929600000000003,1.587110000000003,1.7741769116128214,14.542433701744438,42.27867908764388
0.5273329999999999,0.5441469999999999,0.0,2025-01-20 16:35:58.078,4095.0,122.99999999999956,3.313309999999997,15.69029,-0.2413600000000006,-0.2330300000000011,0.3354960961024746,2.7276105374185025,42.27867908764388
0.436842,0.5297000000000001,0.0,2025-01-20 16:35:58.200,4217.0,122.00000000000044,-3.021059999999998,14.679,-6.3343699999999945,-1.011289999999999,6.4145889003894805,52.57859754417588,42.27867908764388
0.440963,0.521855,0.0,2025-01-20 16:35:58.322,4339.0,122.0,-2.732589999999999,14.12985,0.2884699999999989,-0.5491499999999991,0.6203069106498802,5.084482874179345,42.27867908764388
0.190283,0.636506,0.0,2025-01-20 16:35:58.445,4462.0,123.0,-20.28019,22.15542,-17.547600000000003,8.025569999999995,19.295803678129086,156.87645266771617,42.27867908764388
0.176481,0.6798,0.0,2025-01-20 16:35:58.567,4584.0,122.0,-21.24633,25.186,-0.9661399999999992,3.030580000000004,3.180855488072356,26.072585967806194,42.27867908764388
0.171947,0.688612,0.0,2025-01-20 16:35:58.689,4706.0,122.0,-21.56371,25.802840000000003,-0.31738,0.6168400000000034,0.6937014127129943,5.6860771533852,42.27867908764388
0.5099279999999999,0.5094510000000001,0.0,2025-01-20 16:35:58.934,4951.0,245.0,2.094959999999997,13.261570000000004,23.65867,-12.54127,26.777156670972367,109.294517024377,42.27867908764388
0.4974699999999999,0.587,0.0,2025-01-20 16:35:59.056,5073.0,122.0,1.222899999999999,18.69,-0.8720599999999978,5.428429999999999,5.498030639101603,45.06582491066888,42.27867908764388
0.603249,0.521234,0.0,2025-01-20 16:35:59.179,5196.0,123.0,8.627430000000004,14.086380000000002,7.404530000000005,-4.603619999999999,8.718966775100137,70.88590874065153,42.27867908764388
0.599098,0.520499,0.0,2025-01-20 16:35:59.301,5318.0,122.0,8.336860000000003,14.03493,-0.2905700000000006,-0.0514500000000026,0.2950898632620251,2.418769371000206,42.27867908764388
0.130028,0.1311959999999999,0.0,2025-01-20 16:35:59.545,5562.0,122.0,-24.49804,-13.21628,-0.4121600000000001,0.4517100000000003,0.6114881762552734,5.012198166026831,42.27867908764388
0.135854,0.134919,0.0,2025-01-20 16:35:59.668,5685.0,123.0,-24.09022,-12.95567,0.4078199999999974,0.2606100000000015,0.4839780206786241,3.9347806559237735,42.27867908764388
0.327857,0.190353,0.0,2025-01-20 16:35:59.790,5807.0,122.0,-10.650009999999998,-9.07529,13.440210000000004,3.880379999999999,13.989159867143565,114.66524481265216,42.27867908764388
0.334256,0.19588100000000003,0.0,2025-01-20 16:35:59.912,5929.0,122.0,-10.20208,-8.688329999999999,0.4479299999999995,0.3869600000000019,0.5919284808995096,4.851872794258274,42.27867908764388
0.3403629999999999,0.20692100000000002,0.0,2025-01-20 16:36:00.034,6051.0,122.0,-9.77459,-7.915529999999999,0.4274899999999988,0.7728000000000002,0.8831577096419412,7.238997620015912,42.27867908764388
0.4579649999999999,0.24725400000000003,0.0,2025-01-20 16:36:00.157,6174.0,123.0,-1.542450000000002,-5.092219999999998,8.232139999999998,2.82331,8.702827605766988,70.75469598184543,42.27867908764388
0.4583359999999999,0.23712100000000003,0.0,2025-01-20 16:36:00.279,6296.0,122.0,-1.5164800000000012,-5.801529999999999,0.0259700000000007,-0.7093100000000003,0.7097852611881994,5.817911976952454,42.27867908764388
0.584167,0.24680800000000003,0.0,2025-01-20 16:36:00.401,6418.0,122.0,7.291690000000001,-5.123439999999999,8.808170000000002,0.6780900000000001,8.834232552802764,72.41174223608823,42.27867908764388
0.591819,0.23556300000000002,0.0,2025-01-20 16:36:00.523,6540.0,122.0,7.82733,-5.910589999999999,0.535639999999999,-0.7871500000000005,0.9521109872803694,7.804188420330896,42.27867908764388
0.631039,0.163283,0.0,2025-01-20 16:36:00.646,6663.0,123.0,10.572730000000002,-10.97019,2.745400000000002,-5.0596,5.756454926428245,46.8004465563272,42.27867908764388
0.645067,0.20908700000000002,0.0,2025-01-20 16:36:00.769,6786.0,123.0,11.554689999999995,-7.763909999999999,0.9819599999999956,3.20628,3.353278527053783,27.262427049217745,42.27867908764388
0.681639,0.214134,0.0,2025-01-20 16:36:00.891,6908.0,122.0,14.114730000000002,-7.4106200000000015,2.5600400000000043,0.3532899999999976,2.584302347965505,21.1828061308648,42.27867908764388
0.692909,0.22347,0.0,2025-01-20 16:36:01.013,7030.0,122.0,14.90363,-6.7571,0.7888999999999999,0.6535200000000012,1.0244274500422184,8.396946311821461,42.27867908764388
0.792523,0.22919499999999998,0.0,2025-01-20 16:36:01.135,7152.0,122.0,21.87661,-6.356350000000002,6.972979999999998,0.4007499999999986,6.984486426567094,57.24988874235324,42.27867908764388
0.3133019999999999,0.5656030000000001,0.0,2025-01-20 16:36:01.380,7397.0,122.0,-11.66886,17.192210000000003,-2.0602400000000003,4.477690000000001,4.928924486508189,40.40102038121466,42.27867908764388
0.200843,0.5094970000000001,0.0,2025-01-20 16:36:01.502,7519.0,122.0,-19.54099,13.26479,-7.87213,-3.9274200000000015,8.797446140403476,72.11021426560227,42.27867908764388
0.208657,0.5211239999999999,0.0,2025-01-20 16:36:01.624,7641.0,122.0,-18.99401,14.07868,0.5469800000000014,0.8138899999999971,0.9806141200798594,8.03782065639229,42.27867908764388
0.216997,0.3764639999999999,0.0,2025-01-20 16:36:01.746,7763.0,122.0,-18.41021,3.952479999999997,0.5838000000000001,-10.1262,10.143014782597923,83.13946543113052,42.27867908764388
0.484259,0.3973709999999999,0.0,2025-01-20 16:36:01.869,7886.0,123.0,0.2981300000000009,5.415969999999998,18.70834,1.463490000000001,18.76549462539424,152.56499695442469,42.27867908764388
0.537059,0.491083,0.0,2025-01-20 16:36:01.991,8007.999999999999,121.99999999999908,3.994129999999998,11.97581,3.695999999999997,6.559840000000001,7.529403484048387,61.71642200039708,42.27867908764388
0.522272,0.545696,0.0,2025-01-20 16:36:02.114,8131.0,123.00000000000092,2.959039999999998,15.79872,-1.0350899999999998,3.822910000000002,3.960562103565606,32.199691898907126,42.27867908764388
0.43494,0.4273119999999999,0.0,2025-01-20 16:36:02.358,8375.0,244.0,-3.1541999999999994,7.511839999999998,-6.113239999999998,-8.286880000000004,10.29777079915843,42.20397868507553,42.27867908764388
0.445096,0.443636,0.0,2025-01-20 16:36:02.480,8497.0,122.0,-2.4432799999999992,8.654519999999998,0.7109200000000002,1.1426800000000004,1.345780379110946,11.030986714024149,42.27867908764388
0.294695,0.325937,0.0,2025-01-20 16:36:02.603,8620.0,123.0,-12.97135,0.4155899999999979,-10.52807,-8.23893,13.368628406452173,108.68803582481442,42.27867908764388
0.33214,0.388939,0.0,2025-01-20 16:36:02.725,8742.0,122.0,-10.3502,4.825729999999998,2.62115,4.41014,5.1302789536340025,42.05146683306559,42.27867908764388
0.174554,0.206119,0.0,2025-01-20 16:36:02.847,8864.0,122.0,-21.38122,-7.97167,-11.03102,-12.7974,16.89546829775369,138.48744506355484,42.27867908764388
0.17314,0.210086,0.0,2025-01-20 16:36:02.970,8987.0,123.0,-21.4802,-7.693980000000001,-0.0989800000000009,0.2776899999999997,0.2948029452023844,2.396771912214508,42.27867908764388
0.293921,0.23928500000000003,0.0,2025-01-20 16:36:03.092,9109.0,122.0,-13.02553,-5.650049999999999,8.45467,2.0439300000000022,8.698223649332087,71.29691515845974,42.27867908764388
0.299857,0.236087,0.0,2025-01-20 16:36:03.214,9231.0,122.0,-12.61001,-5.873910000000001,0.4155200000000008,-0.2238600000000028,0.4719853493488986,3.868732371712284,42.27867908764388
0.612833,0.248129,0.0,2025-01-20 16:36:03.336,9353.0,122.0,9.29831,-5.030970000000002,21.90832,0.8429399999999996,21.92453039556377,179.709265537408,42.27867908764388
0.623908,0.246512,0.0,2025-01-20 16:36:03.459,9476.0,123.0,10.073560000000002,-5.144159999999999,0.7752500000000033,-0.1131899999999976,0.7834695518014754,6.369671152857523,42.27867908764388
0.6379549999999999,0.254382,0.0,2025-01-20 16:36:03.581,9598.0,122.0,11.056849999999995,-4.593260000000001,0.9832899999999948,0.5508999999999986,1.1270980587774908,9.238508678504024,42.27867908764388
0.69072,0.181691,0.0,2025-01-20 16:36:03.826,9843.0,245.0,14.7504,-9.681630000000002,3.693550000000004,-5.088370000000001,6.28759261239149,25.66364331588364,42.27867908764388
0.666924,0.252411,0.0,2025-01-20 16:36:03.948,9965.0,122.0,13.08468,-4.731230000000001,-1.665720000000002,4.950400000000001,5.223129644035272,42.81253806586288,42.27867908764388
0.737632,0.291441,0.0,2025-01-20 16:36:04.070,10087.0,122.0,18.03424,-1.99913,4.949559999999998,2.732100000000001,5.653540006367691,46.34049185547288,42.27867908764388
0.730102,0.312741,0.0,2025-01-20 16:36:04.192,10209.0,122.0,17.507140000000003,-0.5081300000000011,-0.5270999999999937,1.490999999999999,1.5814282816492156,12.96252689876406,42.27867908764388
0.733239,0.325822,0.0,2025-01-20 16:36:04.314,10331.0,122.0,17.72673,0.4075399999999995,0.2195899999999966,0.9156700000000008,0.941632262085364,7.718297230207901,42.27867908764388
0.13623,0.7251810000000001,0.0,2025-01-20 16:36:04.804,10821.0,367.0,-24.0639,28.36267,-6.495439999999999,-3.022739999999996,7.164335133227644,19.521349136860064,42.27867908764388
0.128127,0.7233890000000001,0.0,2025-01-20 16:36:04.926,10943.0,122.0,-24.63111,28.23723,-0.5672099999999993,-0.1254400000000011,0.5809151209083815,4.761599351708044,42.27867908764388
0.122038,0.724129,0.0,2025-01-20 16:36:05.048,11065.0,122.0,-25.05734,28.28903,-0.4262300000000003,0.0517999999999965,0.4293661059049724,3.519394310696495,42.27867908764388
0.129385,0.7731110000000001,0.0,2025-01-20 16:36:05.171,11188.0,123.0,-24.54305,31.71777,0.514289999999999,3.428740000000005,3.4670956421333448,28.187769448238576,42.27867908764388
0.139798,0.7969330000000001,0.0,2025-01-20 16:36:05.294,11311.0,123.0,-23.81414,33.385310000000004,0.7289099999999991,1.6675400000000025,1.8198899526345007,14.795853273451227,42.27867908764388
0.140746,0.810425,0.0,2025-01-20 16:36:05.415,11432.0,121.0,-23.74778,34.32975,0.066360000000003,0.9444399999999932,0.9467684844775872,7.824532929566837,42.27867908764388
0.138651,0.816587,0.0,2025-01-20 16:36:05.538,11555.0,123.0,-23.89443,34.76109,-0.146650000000001,0.4313400000000058,0.4555879916108472,3.7039674114703023,42.27867908764388
0.1397,0.8082830000000001,0.0,2025-01-20 16:36:05.660,11677.0,122.0,-23.821,34.17981,0.0734300000000018,-0.5812799999999996,0.5858996529270176,4.802456171532931,42.27867908764388
0.243722,0.819944,0.0,2025-01-20 16:36:05.782,11799.0,122.0,-16.53946,34.996080000000006,7.28154,0.8162700000000029,7.327149615266498,60.05860340382376,42.27867908764388
0.249804,0.80619,0.0,2025-01-20 16:36:05.904,11921.0,122.0,-16.11372,34.033300000000004,0.4257399999999975,-0.9627800000000022,1.0527107275980436,8.62877645572167,42.27867908764388
