x,y,z,abs_datetime,milliseconds,time_diff,x_deg,y_deg,x_deg_diff,y_deg_diff,dist_deg,velocity_deg_s,avg_velocity_deg_s
0.09837299999999999,0.7516769999999999,0.0,2025-01-23 16:35:12.295,243.0,126.0,-25.66389,28.11739,-0.1612800000000014,-0.1394400000000004,0.2132012007470891,1.6920730218022944,17.223719404079034
0.10516,0.7470289999999999,0.0,2025-01-23 16:35:12.418,366.0,123.0,-25.1888,27.79203,0.4750900000000015,-0.3253599999999998,0.5758208381953552,4.681470229230531,17.223719404079034
0.10538800000000001,0.755128,0.0,2025-01-23 16:35:12.541,489.0,123.0,-25.17284,28.358960000000003,0.0159599999999997,0.5669300000000064,0.5671546054648655,4.6110130525598825,17.223719404079034
0.190432,0.738439,0.0,2025-01-23 16:35:12.663,611.0,122.0,-19.21976,27.19073,5.95308,-1.1682300000000048,6.066623675431006,49.72642356910661,17.223719404079034
0.19552,0.733081,0.0,2025-01-23 16:35:12.785,733.0,122.0,-18.8636,26.81567,0.3561600000000027,-0.3750599999999977,0.5172233068994476,4.239535302454488,17.223719404079034
0.231654,0.740827,0.0,2025-01-23 16:35:12.908,856.0,123.0,-16.33422,27.35789,2.52938,0.5422200000000004,2.58684474076045,21.031258054963008,17.223719404079034
0.25062799999999996,0.738688,0.0,2025-01-23 16:35:13.031,979.0,123.0,-15.00604,27.208160000000003,1.328179999999998,-0.1497299999999981,1.3365931263103197,10.866610783010728,17.223719404079034
0.262323,0.7404729999999999,0.0,2025-01-23 16:35:13.153,1101.0,122.0,-14.18739,27.33311,0.8186499999999999,0.1249499999999947,0.8281306207356413,6.787955907669191,17.223719404079034
0.263436,0.745497,0.0,2025-01-23 16:35:13.275,1223.0,122.0,-14.10948,27.68479,0.0779099999999992,0.3516800000000017,0.3602065941928342,2.9525130671543787,17.223719404079034
0.270938,0.745234,0.0,2025-01-23 16:35:13.397,1345.0,122.0,-13.58434,27.66638,0.5251400000000004,-0.0184100000000029,0.5254626035218877,4.3070705206712105,17.223719404079034
0.264482,0.730128,0.0,2025-01-23 16:35:13.519,1467.0,122.0,-14.03626,26.608960000000003,-0.4519199999999976,-1.0574199999999934,1.1499429302360982,9.425761723246708,17.223719404079034
0.27899300000000005,0.733594,0.0,2025-01-23 16:35:13.641,1589.0,122.0,-13.02049,26.85158,1.0157699999999998,0.2426199999999951,1.0443434096598672,8.560191882457929,17.223719404079034
0.279525,0.743012,0.0,2025-01-23 16:35:13.763,1711.0,122.0,-12.98325,27.51084,0.0372399999999988,0.6592600000000033,0.6603109609873247,5.412384926125612,17.223719404079034
0.077183,0.508904,0.0,2025-01-23 16:35:14.008,1956.0,122.0,-27.14719,11.123280000000005,0.7740599999999986,-1.1645899999999934,1.3983700338966014,11.462049458168863,17.223719404079034
0.06461,0.507644,0.0,2025-01-23 16:35:14.131,2079.0,123.0,-28.0273,11.03508,-0.880110000000002,-0.0882000000000022,0.8845184294857874,7.191206743786889,17.223719404079034
0.06403,0.513792,0.0,2025-01-23 16:35:14.253,2201.0,122.0,-28.0679,11.465440000000005,-0.0405999999999977,0.4303600000000021,0.4322708521286181,3.5432037059722794,17.223719404079034
0.099335,0.448824,0.0,2025-01-23 16:35:14.497,2445.0,244.0,-25.59655,6.917680000000002,2.471349999999997,-4.547760000000001,5.175875949064081,21.21260634862329,17.223719404079034
0.11951799999999999,0.49326099999999995,0.0,2025-01-23 16:35:14.619,2567.0,122.0,-24.18374,10.028269999999996,1.4128100000000003,3.110589999999996,3.416401944180452,28.003294624429937,17.223719404079034
0.130983,0.508309,0.0,2025-01-23 16:35:14.741,2689.0,122.0,-23.38119,11.081630000000002,0.8025500000000001,1.053360000000005,1.3242559390465314,10.854556877430584,17.223719404079034
0.130233,0.522386,0.0,2025-01-23 16:35:14.864,2812.0,123.0,-23.43369,12.067020000000005,-0.0525000000000019,0.9853900000000008,0.986787566855198,8.02266314516421,17.223719404079034
0.37523300000000004,0.565066,0.0,2025-01-23 16:35:14.986,2934.0,122.0,-6.283689999999999,15.054619999999998,17.150000000000002,2.987599999999995,17.40828118339085,142.69082937205616,17.223719404079034
0.381671,0.566425,0.0,2025-01-23 16:35:15.108,3056.0,122.0,-5.833029999999999,15.14975,0.45066,0.095130000000001,0.4605910903393597,3.775336806060326,17.223719404079034
0.381881,0.562264,0.0,2025-01-23 16:35:15.233,3181.0,125.0,-5.81833,14.85848,0.0146999999999994,-0.291269999999999,0.2916407085782083,2.3331256686256663,17.223719404079034
0.384711,0.563063,0.0,2025-01-23 16:35:15.354,3302.0,121.0,-5.62023,14.91441,0.1980999999999992,0.05593,0.2058440548084877,1.701190535607337,17.223719404079034
0.44683700000000004,0.565676,0.0,2025-01-23 16:35:15.476,3424.0,122.0,-1.271409999999999,15.097319999999998,4.348820000000002,0.1829099999999979,4.35266486884759,35.67758089219336,17.223719404079034
0.442168,0.558076,0.0,2025-01-23 16:35:15.597,3545.0,121.0,-1.5982400000000014,14.565320000000003,-0.3268300000000024,-0.5319999999999947,0.6243731647820844,5.160108799851938,17.223719404079034
0.45450999999999997,0.540299,0.0,2025-01-23 16:35:15.720,3668.0,123.0,-0.7343,13.32093,0.8639400000000015,-1.2443900000000028,1.5148923379897363,12.316197869835255,17.223719404079034
0.5206219999999999,0.5251979999999999,0.0,2025-01-23 16:35:15.843,3791.0,123.0,3.893539999999996,12.263859999999998,4.627839999999996,-1.057070000000003,4.747030656157592,38.59374517201295,17.223719404079034
0.5308769999999999,0.522566,0.0,2025-01-23 16:35:15.964,3912.0,121.0,4.611389999999997,12.07962,0.7178500000000012,-0.1842399999999973,0.7411160503591868,6.124926036026338,17.223719404079034
0.544262,0.5266069999999999,0.0,2025-01-23 16:35:16.086,4034.0,122.0,5.548340000000004,12.362489999999998,0.9369500000000066,0.2828699999999973,0.9787189276804708,8.022286292462875,17.223719404079034
0.5585049999999999,0.519803,0.0,2025-01-23 16:35:16.210,4158.0,124.0,6.5453499999999964,11.886210000000002,0.9970099999999924,-0.4762799999999956,1.104930576325943,8.910730454241474,17.223719404079034
0.561541,0.523879,0.0,2025-01-23 16:35:16.331,4279.0,121.0,6.757869999999999,12.17153,0.2125200000000022,0.2853199999999987,0.3557699436433609,2.940247468126949,17.223719404079034
0.565449,0.520207,0.0,2025-01-23 16:35:16.454,4402.0,123.0,7.03143,11.91449,0.2735600000000016,-0.2570399999999999,0.3753726617642804,3.051810258246182,17.223719404079034
0.150452,0.23980900000000002,0.0,2025-01-23 16:35:16.698,4646.0,122.0,-22.01836,-7.7133699999999985,-2.289349999999999,-2.837239999999997,3.645689816769932,29.88270341614698,17.223719404079034
0.141591,0.23712800000000003,0.0,2025-01-23 16:35:16.819,4767.0,121.0,-22.63863,-7.901039999999998,-0.6202699999999979,-0.1876699999999997,0.6480392748900311,5.355696486694472,17.223719404079034
0.142149,0.26618600000000003,0.0,2025-01-23 16:35:16.942,4890.0,123.0,-22.59957,-5.86698,0.0390599999999992,2.0340599999999984,2.034434999502317,16.540121947173315,17.223719404079034
0.147869,0.264988,0.0,2025-01-23 16:35:17.065,5013.0,123.0,-22.19917,-5.950839999999999,0.4004000000000012,-0.0838599999999987,0.4090875940431349,3.3259153987246743,17.223719404079034
0.149253,0.25733799999999996,0.0,2025-01-23 16:35:17.187,5135.0,122.0,-22.10229,-6.486340000000002,0.0968799999999987,-0.5355000000000034,0.5441929661434475,4.460598083143012,17.223719404079034
0.298099,0.26382000000000005,0.0,2025-01-23 16:35:17.309,5257.0,122.0,-11.68307,-6.032599999999999,10.41922,0.4537400000000033,10.429095137930233,85.4843863764773,17.223719404079034
0.30966400000000005,0.264049,0.0,2025-01-23 16:35:17.432,5380.0,123.0,-10.873519999999996,-6.01657,0.8095500000000033,0.0160299999999988,0.8097086904560216,6.5829974833822895,17.223719404079034
0.31926999999999994,0.27447699999999997,0.0,2025-01-23 16:35:17.555,5503.0,123.0,-10.201100000000002,-5.2866100000000005,0.6724199999999954,0.7299599999999993,0.992466754103125,8.0688353992124,17.223719404079034
0.455731,0.266425,0.0,2025-01-23 16:35:17.676,5624.0,121.0,-0.6488300000000019,-5.850250000000001,9.55227,-0.5636400000000004,9.568884585075734,79.08169078574987,17.223719404079034
0.502244,0.23465100000000003,0.0,2025-01-23 16:35:17.799,5747.0,123.0,2.607080000000004,-8.074429999999998,3.255910000000006,-2.224179999999997,3.9430859235502367,32.057609134554774,17.223719404079034
0.502846,0.247706,0.0,2025-01-23 16:35:17.922,5870.0,123.0,2.6492200000000032,-7.16058,0.0421399999999994,0.9138499999999984,0.9148210765499432,7.437569728048318,17.223719404079034
0.558273,0.205356,0.0,2025-01-23 16:35:18.043,5991.0,121.0,6.529110000000004,-10.12508,3.879890000000001,-2.964500000000001,4.882807252196221,40.35377894377042,17.223719404079034
0.560384,0.206674,0.0,2025-01-23 16:35:18.166,6114.0,123.0,6.6768800000000015,-10.03282,0.1477699999999977,0.0922599999999995,0.1742064307079369,1.4163124447799755,17.223719404079034
0.561592,0.20926599999999998,0.0,2025-01-23 16:35:18.289,6237.0,123.0,6.76144,-9.851380000000002,0.0845599999999988,0.1814399999999985,0.2001770895981836,1.627456012993363,17.223719404079034
0.736409,0.220494,0.0,2025-01-23 16:35:18.411,6359.0,122.0,18.99863,-9.06542,12.237190000000002,0.7859600000000011,12.262404014617202,100.51150831653445,17.223719404079034
0.7490899999999999,0.214689,0.0,2025-01-23 16:35:18.532,6480.0,121.0,19.8863,-9.47177,0.8876699999999964,-0.4063499999999997,0.9762573182312096,8.068242299431484,17.223719404079034
0.755552,0.215261,0.0,2025-01-23 16:35:18.655,6603.0,123.0,20.33864,-9.43173,0.4523400000000031,0.0400400000000011,0.4541086623265437,3.691940344118241,17.223719404079034
0.870475,0.181582,0.0,2025-01-23 16:35:18.777,6725.0,122.0,28.383250000000004,-11.78926,8.044610000000002,-2.357530000000001,8.38294087734132,68.71263014214196,17.223719404079034
0.877095,0.16938,0.0,2025-01-23 16:35:18.900,6848.0,123.0,28.84665,-12.6434,0.4633999999999965,-0.8541399999999992,0.9717482696665816,7.900392436313671,17.223719404079034
0.857059,0.18159300000000003,0.0,2025-01-23 16:35:19.022,6970.0,122.0,27.444130000000005,-11.788489999999998,-1.4025199999999955,0.8549100000000021,1.6425387235922295,13.463432160592047,17.223719404079034
0.867906,0.19116000000000002,0.0,2025-01-23 16:35:19.144,7092.0,122.0,28.20342,-11.118799999999998,0.7592899999999929,0.6696899999999992,1.0124257998490498,8.298572129910244,17.223719404079034
0.880643,0.18398899999999999,0.0,2025-01-23 16:35:19.266,7214.0,122.0,29.09501,-11.620770000000002,0.8915900000000008,-0.5019700000000036,1.0231845429833295,8.386758549043686,17.223719404079034
0.9191739999999999,0.17290400000000003,0.0,2025-01-23 16:35:19.389,7337.0,123.0,31.79218,-12.396719999999998,2.69717,-0.7759499999999964,2.806568084226712,22.81762670103017,17.223719404079034
0.892427,0.16614900000000002,0.0,2025-01-23 16:35:19.513,7461.0,124.0,29.91989,-12.86957,-1.87229,-0.4728500000000011,1.931076634056764,15.573198661748094,17.223719404079034
0.84825,0.211176,0.0,2025-01-23 16:35:19.633,7581.0,120.0,26.8275,-9.71768,-3.0923900000000017,3.15189,4.41557317731232,36.79644314426933,17.223719404079034
0.840642,0.22771900000000003,0.0,2025-01-23 16:35:19.756,7704.0,123.0,26.294940000000004,-8.559669999999999,-0.532559999999993,1.1580100000000009,1.274600844853005,10.362608494739876,17.223719404079034
0.840592,0.23351800000000003,0.0,2025-01-23 16:35:19.878,7826.0,122.0,26.29144,-8.153739999999999,-0.0035000000000025,0.4059299999999997,0.4059450885279926,3.327418758426169,17.223719404079034
0.849721,0.219994,0.0,2025-01-23 16:35:20.000,7948.0,122.0,26.93047,-9.100420000000002,0.6390299999999982,-0.9466800000000024,1.14217440143789,9.362085257687625,17.223719404079034
0.842988,0.229579,0.0,2025-01-23 16:35:20.122,8070.0,122.0,26.45916,-8.42947,-0.471309999999999,0.6709500000000013,0.8199433020642346,6.720846738231431,17.223719404079034
0.743105,0.225397,0.0,2025-01-23 16:35:20.245,8193.0,123.0,19.467350000000003,-8.72221,-6.991809999999997,-0.2927400000000002,6.9979356801631125,56.89378601758628,17.223719404079034
0.744208,0.225222,0.0,2025-01-23 16:35:20.367,8315.0,122.0,19.54456,-8.73446,0.0772099999999973,-0.0122499999999998,0.0781757417617484,0.640784768538922,17.223719404079034
0.738143,0.22821300000000003,0.0,2025-01-23 16:35:20.490,8438.0,123.0,19.12001,-8.525089999999999,-0.42455,0.2093700000000016,0.4733693055110361,3.8485309391141143,17.223719404079034
0.7392179999999999,0.226251,0.0,2025-01-23 16:35:20.611,8559.0,121.0,19.19526,-8.66243,0.0752499999999969,-0.1373400000000018,0.1566040807258866,1.2942486010403855,17.223719404079034
0.745599,0.23292500000000002,0.0,2025-01-23 16:35:20.734,8682.0,123.0,19.64193,-8.19525,0.4466700000000045,0.4671800000000008,0.6463522579058611,5.254896405738709,17.223719404079034
0.746149,0.234704,0.0,2025-01-23 16:35:20.856,8804.0,122.0,19.68043,-8.070720000000001,0.0384999999999955,0.1245299999999982,0.1303455825872101,1.0684064146492636,17.223719404079034
0.742698,0.221954,0.0,2025-01-23 16:35:20.979,8927.0,123.0,19.43886,-8.96322,-0.2415699999999994,-0.8924999999999983,0.9246146845578416,7.517192557380825,17.223719404079034
0.74191,0.21716700000000003,0.0,2025-01-23 16:35:21.101,9049.0,122.0,19.3837,-9.29831,-0.0551600000000007,-0.3350899999999992,0.3395996668137346,2.7836038263420866,17.223719404079034
0.743468,0.21398799999999998,0.0,2025-01-23 16:35:21.223,9171.0,122.0,19.492760000000004,-9.520840000000002,0.1090600000000066,-0.2225300000000025,0.2478178454026315,2.0312938147756685,17.223719404079034
