x,y,z,abs_datetime,milliseconds,time_diff,x_deg,y_deg,x_deg_diff,y_deg_diff,dist_deg,velocity_deg_s,avg_velocity_deg_s
0.292319,0.742252,0.0,2025-01-23 17:08:06.263,245.0,122.0,-12.43767,26.75764,15.518370000000004,-1.7087699999999977,15.612165204410312,127.96856724926486,39.37751079747997
0.308601,0.731851,0.0,2025-01-23 17:08:06.385,367.0,122.0,-11.29793,26.029570000000003,1.139739999999998,-0.7280699999999989,1.3524397186196484,11.085571464095478,39.37751079747997
0.363843,0.724711,0.0,2025-01-23 17:08:06.509,491.0,124.0,-7.43099,25.52977,3.866940000000001,-0.499800000000004,3.899105667149841,31.444400541530975,39.37751079747997
0.169013,0.664828,0.0,2025-01-23 17:08:06.630,612.0,121.0,-21.06909,21.33796,-13.638099999999998,-4.19181,14.267762357360034,117.91539138314076,39.37751079747997
0.157352,0.649381,0.0,2025-01-23 17:08:06.754,736.0,124.0,-21.88536,20.25667,-0.8162700000000029,-1.0812899999999992,1.3548006410538795,10.925811621402255,39.37751079747997
0.094842,0.625607,0.0,2025-01-23 17:08:06.874,856.0,120.0,-26.26106,18.59249,-4.375699999999998,-1.6641799999999982,4.681478993053369,39.012324942111405,39.37751079747997
0.072228,0.617671,0.0,2025-01-23 17:08:06.997,979.0,123.0,-27.84404,18.03697,-1.5829799999999992,-0.5555200000000013,1.677625748133355,13.63923372466142,39.37751079747997
0.189919,0.601308,0.0,2025-01-23 17:08:07.118,1100.0,121.0,-19.605670000000003,16.89156,8.238369999999996,-1.1454100000000018,8.31761410050983,68.7406124009077,39.37751079747997
0.203708,0.579075,0.0,2025-01-23 17:08:07.241,1223.0,123.0,-18.64044,15.335250000000002,0.9652300000000054,-1.5563099999999963,1.8313300546324245,14.88886223278394,39.37751079747997
0.340116,0.535665,0.0,2025-01-23 17:08:07.363,1345.0,122.0,-9.09188,12.296549999999996,9.548559999999998,-3.0387000000000057,10.020413951708782,82.1345405877769,39.37751079747997
0.367872,0.531845,0.0,2025-01-23 17:08:07.485,1467.0,122.0,-7.14896,12.02915,1.94292,-0.267399999999995,1.9612345312073205,16.075692878748526,39.37751079747997
0.40088100000000004,0.511706,0.0,2025-01-23 17:08:07.607,1589.0,122.0,-4.838329999999999,10.61942,2.3106300000000006,-1.4097300000000017,2.7067230500736508,22.186254508800417,39.37751079747997
0.462808,0.501463,0.0,2025-01-23 17:08:07.730,1712.0,123.0,-0.5034399999999983,9.90241,4.334890000000001,-0.7170100000000001,4.39378818927358,35.72185519734618,39.37751079747997
0.4885999999999999,0.482754,0.0,2025-01-23 17:08:07.852,1834.0,122.0,1.3019999999999965,8.592780000000001,1.8054399999999948,-1.3096299999999983,2.230413488683203,18.282077776091832,39.37751079747997
0.162595,0.285831,0.0,2025-01-23 17:08:08.096,2078.0,122.0,-21.51835,-5.191829999999999,-4.234160000000003,-1.3555499999999974,4.445855003044973,36.4414344511883,39.37751079747997
0.157867,0.27143,0.0,2025-01-23 17:08:08.219,2201.0,123.0,-21.84931,-6.199899999999999,-0.3309599999999975,-1.00807,1.0610087871926408,8.626087700753176,39.37751079747997
0.153033,0.23925599999999997,0.0,2025-01-23 17:08:08.341,2323.0,122.0,-22.18769,-8.45208,-0.3383800000000008,-2.252180000000002,2.277458183326317,18.667690027264896,39.37751079747997
0.084694,0.251843,0.0,2025-01-23 17:08:08.463,2445.0,122.0,-26.97142,-7.57099,-4.783729999999999,0.8810900000000004,4.864194928351452,39.87045023238895,39.37751079747997
0.074842,0.278028,0.0,2025-01-23 17:08:08.585,2567.0,122.0,-27.66106,-5.738039999999999,-0.6896400000000007,1.8329500000000007,1.9583945036942905,16.0524139647073,39.37751079747997
0.645227,0.251141,0.0,2025-01-23 17:08:08.831,2813.0,123.0,12.265890000000002,-7.620129999999999,15.568490000000002,-4.461519999999997,16.19515488010226,131.6679258544899,39.37751079747997
0.6554679999999999,0.272621,0.0,2025-01-23 17:08:08.952,2934.0,121.0,12.982759999999995,-6.116529999999999,0.7168699999999948,1.5035999999999996,1.6657477470793682,13.76651030644106,39.37751079747997
0.6988329999999999,0.282659,0.0,2025-01-23 17:08:09.075,3057.0,123.0,16.018309999999996,-5.413869999999999,3.035549999999999,0.7026599999999998,3.115813678335082,25.33181852304945,39.37751079747997
0.74435,0.253566,0.0,2025-01-23 17:08:09.196,3178.0,121.0,19.2045,-7.450379999999998,3.1861900000000034,-2.036509999999999,3.781425616906938,31.25145137939618,39.37751079747997
0.747973,0.29562099999999997,0.0,2025-01-23 17:08:09.320,3302.0,124.0,19.45811,-4.5065300000000015,0.2536100000000019,2.9438499999999967,2.954753941464497,23.828660818262072,39.37751079747997
0.67847,0.31839,0.0,2025-01-23 17:08:09.441,3423.0,121.0,14.592900000000004,-2.9126999999999987,-4.865209999999998,1.5938300000000027,5.119625221927869,42.31095224733776,39.37751079747997
0.674134,0.34002699999999997,0.0,2025-01-23 17:08:09.563,3545.0,122.0,14.289380000000005,-1.3981100000000013,-0.3035200000000007,1.5145899999999974,1.5447029677255082,12.661499735454983,39.37751079747997
0.5465679999999999,0.406169,0.0,2025-01-23 17:08:09.686,3668.0,123.0,5.359759999999998,3.2318300000000013,-8.929620000000005,4.629940000000003,10.058551473646697,81.77684124916014,39.37751079747997
0.409911,0.503451,0.0,2025-01-23 17:08:09.807,3789.0,121.0,-4.206230000000001,10.04157,-9.56599,6.809739999999999,11.74226228406179,97.04348995092388,39.37751079747997
0.363877,0.585893,0.0,2025-01-23 17:08:09.930,3912.0,123.0,-7.428610000000002,15.81251,-3.222380000000001,5.770940000000001,6.60965062223413,53.736996928732765,39.37751079747997
0.35062400000000005,0.59037,0.0,2025-01-23 17:08:10.053,4035.0,123.0,-8.356319999999998,16.125899999999998,-0.9277099999999968,0.3133899999999965,0.979213529420418,7.961085605044047,39.37751079747997
0.336765,0.602112,0.0,2025-01-23 17:08:10.174,4156.0,121.0,-9.32645,16.94784,-0.970130000000001,0.8219400000000014,1.2715099608339702,10.50834678375182,39.37751079747997
0.34619500000000003,0.5453399999999999,0.0,2025-01-23 17:08:10.297,4279.0,123.0,-8.66635,12.973799999999995,0.6600999999999999,-3.974040000000002,4.028489286519205,32.75194541885533,39.37751079747997
0.241746,0.687372,0.0,2025-01-23 17:08:10.419,4401.0,122.0,-15.97778,22.91604,-7.311430000000001,9.942240000000002,12.341197059544104,101.15735294708284,39.37751079747997
0.227,0.720874,0.0,2025-01-23 17:08:10.541,4523.0,122.0,-17.009999999999998,25.261180000000003,-1.032219999999997,2.345140000000004,2.562256768553849,21.00210466027745,39.37751079747997
0.192939,0.742651,0.0,2025-01-23 17:08:10.663,4645.0,122.0,-19.39427,26.78557,-2.3842700000000008,1.5243899999999933,2.8299307950902235,23.196154058116583,39.37751079747997
0.190187,0.751123,0.0,2025-01-23 17:08:10.785,4767.0,122.0,-19.58691,27.37861,-0.1926400000000008,0.593040000000002,0.6235435920607337,5.111013049678146,39.37751079747997
0.154031,0.780088,0.0,2025-01-23 17:08:10.908,4890.0,123.0,-22.11783,29.40616,-2.530920000000002,2.027550000000001,3.242917675319559,26.36518435219154,39.37751079747997
0.145668,0.694798,0.0,2025-01-23 17:08:11.030,5012.0,122.0,-22.70324,23.43586,-0.5854099999999995,-5.970299999999998,5.998932151483293,49.171575012158144,39.37751079747997
0.39999799999999996,0.642101,0.0,2025-01-23 17:08:11.274,5256.0,244.0,-4.90014,19.747070000000004,17.8031,-3.688789999999997,18.181241466800333,74.51328470000136,39.37751079747997
0.5723079999999999,0.524794,0.0,2025-01-23 17:08:11.396,5378.0,122.0,7.161559999999997,11.53558,12.061699999999998,-8.211490000000005,14.591544637566647,119.60282489808728,39.37751079747997
0.544508,0.552745,0.0,2025-01-23 17:08:11.519,5501.0,123.0,5.215560000000002,13.492150000000004,-1.9459999999999955,1.9565700000000048,2.7595438327556967,22.435315713460948,39.37751079747997
0.49373899999999993,0.58234,0.0,2025-01-23 17:08:11.641,5623.0,122.0,1.6617299999999968,15.5638,-3.553830000000005,2.0716499999999947,4.113567963629629,33.71777019368549,39.37751079747997
0.42081900000000005,0.585589,0.0,2025-01-23 17:08:11.886,5868.0,245.0,-3.4426699999999983,15.791230000000002,-5.104399999999995,0.2274300000000035,5.1094641367661975,20.854955660270196,39.37751079747997
0.400544,0.623167,0.0,2025-01-23 17:08:12.007,5989.0,121.0,-4.861920000000001,18.42169,-1.419250000000003,2.63046,2.9889112355672265,24.70174574848948,39.37751079747997
0.369621,0.640721,0.0,2025-01-23 17:08:12.130,6112.0,123.0,-7.026529999999999,19.65047,-2.164609999999998,1.2287799999999969,2.4890634263714504,20.236288019280085,39.37751079747997
0.30671000000000004,0.646444,0.0,2025-01-23 17:08:12.252,6234.0,122.0,-11.4303,20.05108,-4.40377,0.4006100000000039,4.421954159079445,36.24552589409382,39.37751079747997
0.29291100000000003,0.636701,0.0,2025-01-23 17:08:12.374,6356.0,122.0,-12.39623,19.36907,-0.9659300000000002,-0.6820100000000053,1.1824374846054262,9.692110529552671,39.37751079747997
0.286177,0.64872,0.0,2025-01-23 17:08:12.497,6479.0,123.0,-12.86761,20.2104,-0.4713800000000017,0.8413300000000028,0.9643833642799976,7.840515156747947,39.37751079747997
